x,y,z,u,v,w,p,k,nut,omega,bm
0,0,0,10.0497,0.0348084,-0.00364025,144.331,0.222982,0.0102648,21.723,0
1,0,0,9.76886,0.304909,-0.00169364,144.275,0.213957,0.00786454,27.2053,0
2,0,0,10.5757,-0.461804,0.0392409,143.665,0.245922,0.015399,3.53668,0
3,0,0,17.3263,-2.28539,0.0803872,133.133,0.2568,0.00379185,4.03753,0
4,0,0,26.9757,0.462749,0.306809,35.0937,0.242982,0.00398194,2.36933,0
5,0,0,26.4407,1.06356,0.113978,-101.347,0.246428,0.0104317,2.4244,0
6,0,0,24.2813,-0.563634,0.116346,-119.473,0.240558,0.0306501,1.85825,0
7,0,0,24.03,-0.109328,0.0963559,-113.275,0.241739,0.00726714,1.9625,0
8,0,0,12.2558,-0.884486,0.422204,-44.6663,0.249226,0.0107837,2.49577,0
9,0,0,8.26694,-0.623508,0.18643,-30.3311,0.21389,0.00570936,37.463,0
10,0,0,11.3192,0.893858,-0.345424,-11.9498,0.252859,0.0241211,2.86144,0
11,0,0,6.35416,0.725161,-0.864693,3.4322,0.273761,0.00311419,7.94631,0
12,0,0,2.77062,-0.327424,0.733087,12.5676,0.191579,0.000171889,283.329,0
13,0,0,,,,,,,,1
14,0,0,,,,,,,,1
15,0,0,,,,,,,,1
16,0,0,,,,,,,,1
17,0,0,,,,,,,,1
18,0,0,-1.30709,-1.15785,0.641721,-9.81449,0.276605,0.00506615,7.9669,0
19,0,0,2.60486,-1.62599,0.200949,-6.03361,0.241617,0.0112088,8.90452,0
20,0,0,7.38281,-1.51806,0.000916227,0.496507,0.255186,0.0178011,2.27206,0
21,0,0,8.64559,-0.921598,0.00624354,1.63401,0.214572,0.00708898,27.8638,0
22,0,0,8.96363,-0.767872,-0.00997755,1.96634,0.21029,0.00848211,24.7921,0
23,0,0,9.21368,-0.5931,-0.0378983,2.49338,0.239485,0.0882934,2.71238,0
0,1,0,10.0895,0.119742,-1.06711e-05,143.412,0.222672,0.0101929,21.8458,0
1,1,0,8.22492,1.77798,-0.0467695,144.244,0.216441,0.00388378,27.4637,0
2,1,0,7.3818,-0.964129,-0.167459,147.264,0.26028,0.0102787,4.15447,0
3,1,0,4.85679,-4.38552,-0.361529,152.2,0.262696,0.00313396,5.05747,0
4,1,0,18.0142,-15.1055,0.776185,76.1787,0.296471,0.00025504,81.9567,0
5,1,0,,,,,,,,1
6,1,0,25.0045,-2.11489,0.352244,-135.374,0.320801,0.00300749,64.4047,0
7,1,0,12.4352,2.51013,0.0348297,-87.5791,0.250872,0.00713566,4.43103,0
8,1,0,6.88143,0.459049,0.746708,-40.1737,0.260728,0.0070699,3.38254,0
9,1,0,10.8892,0.116607,0.135431,-25.7341,0.255485,0.0170343,2.29137,0
10,1,0,11.7479,1.02196,-0.237531,-12.7356,0.251257,0.0302739,2.81456,0
11,1,0,8.95926,4.01844,-0.172609,-3.54728,0.242417,0.0761109,2.40102,0
12,1,0,10.2748,4.38456,-0.194246,3.13492,0.246383,0.00774448,5.88231,0
13,1,0,10.3425,0.447462,0.318061,-3.65092,0.248207,0.0111437,2.54133,0
14,1,0,9.99553,0.164828,0.23481,-2.60045,0.246189,0.0490969,2.70534,0
15,1,0,9.77577,0.187538,0.060677,-1.20413,0.246513,0.0470112,2.43635,0
16,1,0,10.9184,-0.199625,0.136007,-3.7208,0.242348,0.0440917,2.52164,0
17,1,0,11.2573,-0.124916,0.0590021,-5.54653,0.242536,0.0223099,3.50511,0
18,1,0,9.84036,-3.41734,0.082382,-7.45724,0.243906,0.0173414,2.08043,0
19,1,0,9.30589,-1.93322,0.0401238,-3.54945,0.244678,0.0245486,1.97808,0
20,1,0,8.85169,-1.11275,0.0168982,-0.406194,0.246899,0.0390706,2.29723,0
21,1,0,9.1103,-0.34072,-0.00517732,0.472314,0.21294,0.00880958,24.1714,0
22,1,0,9.34117,-0.181422,-0.0129483,0.91647,0.211414,0.00965454,21.8979,0
23,1,0,9.4338,-0.283095,-0.0251369,1.76251,0.241805,0.0620587,2.70815,0
0,2,0,9.98772,0.544051,0.00250019,139.403,0.22227,0.00966223,23.004,0
1,2,0,7.19594,5.03198,-0.0484367,141.084,0.229543,0.00178354,28.7108,0
2,2,0,4.15857,1.58494,-0.405041,147.184,0.287826,0.00855043,4.66298,0
3,2,0,0.307471,0.936297,-0.900175,153.766,0.244177,0.0078076,20.3872,0
4,2,0,,,,,,,,1
5,2,0,,,,,,,,1
6,2,0,,,,,,,,1
7,2,0,0.906862,-5.13013,2.15606,-53.4426,0.339213,0.0013655,25.439,0
8,2,0,-1.01352,-0.223695,0.995252,-33.162,0.304368,0.00744114,5.53271,0
9,2,0,8.35973,2.8837,0.156447,-23.9531,0.268659,0.00760403,3.28627,0
10,2,0,8.93151,1.92725,-0.0361818,-11.4973,0.262433,0.0235036,2.58631,0
11,2,0,8.6574,3.23134,-0.068969,-4.01446,0.246211,0.0241215,2.54681,0
12,2,0,6.38987,0.942581,0.0109706,-1.70733,0.283157,0.0127086,3.29919,0
13,2,0,8.24278,0.501587,0.0698386,-0.414684,0.263855,0.0206434,2.59595,0
14,2,0,10.0834,0.649529,0.144536,-0.940573,0.25087,0.0490718,2.24301,0
15,2,0,8.87886,-0.237878,0.0118968,-0.500414,0.205779,0.00607562,33.8696,0
16,2,0,10.2326,-0.40161,0.0891647,-2.50561,0.247377,0.0311187,2.3343,0
17,2,0,9.49158,-0.876443,0.0488628,-2.10166,0.24606,0.0415868,2.22649,0
18,2,0,9.99779,-2.14783,0.0458931,-4.53141,0.246721,0.0259116,2.1439,0
19,2,0,9.02011,-1.55871,0.0218511,-2.52532,0.241495,0.0646288,1.96855,0
20,2,0,8.98851,-0.76406,0.00094334,-0.549358,0.212712,0.00905458,23.4922,0
21,2,0,9.08511,-0.515752,-0.00736516,0.0914328,0.21435,0.0106338,20.1574,0
22,2,0,9.24424,-0.369625,-0.0131252,0.459765,0.213896,0.0112543,19.0057,0
23,2,0,9.42459,-0.296604,-0.0141942,0.596988,0.213723,0.0107198,19.9372,0
0,3,0,9.96584,1.46133,0.0139495,128.872,0.222491,0.00868612,25.6145,0
1,3,0,7.20333,10.1071,0.0334863,131.822,0.264091,0.00289139,32.5532,0
2,3,0,5.31993,4.17764,-0.335979,145.132,0.273348,0.0089084,3.8356,0
3,3,0,2.42346,3.26705,-0.720991,149.284,0.285127,0.00722863,4.39935,0
4,3,0,,,,,,,,1
5,3,0,,,,,,,,1
6,3,0,,,,,,,,1
7,3,0,-6.39037,-1.40912,1.59067,-39.6286,0.294987,0.00356766,5.80893,0
8,3,0,-2.66387,-4.55508,0.715146,-33.8227,0.269264,0.0121656,4.28329,0
9,3,0,6.0446,-5.81811,0.0610292,-26.146,0.257616,0.0161168,2.52914,0
10,3,0,4.83011,-2.85463,0.0380857,-20.33,0.237727,0.00179255,29.3531,0
11,3,0,6.20913,-1.82838,-0.0505028,-14.3957,0.224596,0.00261229,26.5504,0
12,3,0,8.24335,-1.11174,-0.096961,-5.99325,0.210302,0.00527368,27.8512,0
13,3,0,8.72142,-1.21455,-0.0630181,-3.68844,0.209514,0.0069795,27.7027,0
14,3,0,9.37914,-1.41332,-0.0336481,-2.32187,0.210826,0.00799351,26.3747,0
15,3,0,9.88131,-1.54817,-0.0241443,-1.60551,0.212325,0.00836366,25.3866,0
16,3,0,9.96301,-1.57421,-0.0147403,-1.47742,0.212457,0.00807883,26.298,0
17,3,0,10.1617,-1.62299,-0.0191174,-1.70243,0.211426,0.00774331,27.3043,0
18,3,0,10.0263,-1.64297,-0.010555,-1.813,0.213317,0.00846714,25.1936,0
19,3,0,9.75213,-1.38715,-0.0104632,-1.4094,0.214627,0.00963516,22.2754,0
20,3,0,9.63389,-1.09837,-0.0119368,-0.859251,0.216326,0.0108581,19.9231,0
21,3,0,9.62194,-0.875148,-0.0164126,-0.368149,0.217129,0.0119646,18.1477,0
22,3,0,9.68116,-0.718891,-0.0194042,-0.0277944,0.216992,0.0124832,17.3827,0
23,3,0,9.76976,-0.622366,-0.0192559,0.149431,0.216915,0.0123123,17.6177,0
0,4,0,10.0059,2.10732,-0.00236405,106.849,0.223542,0.00618977,27.5343,0
1,4,0,8.16891,8.68589,-0.105559,114.88,0.254589,0.00803967,2.87298,0
2,4,0,7.45329,11.179,-0.0608678,118.441,0.247724,0.0154042,3.41871,0
3,4,0,2.63166,10.1212,-0.256223,130.865,0.254576,0.00300699,4.53555,0
4,4,0,,,,,,,,1
5,4,0,,,,,,,,1
6,4,0,,,,,,,,1
7,4,0,0.604948,-2.93889,2.61008,-68.9956,0.261763,0.00198471,5.37487,0
8,4,0,6.20795,-6.06753,0.72985,-46.9572,0.250638,0.00770916,2.54157,0
9,4,0,10.8741,-3.21415,0.0918911,-32.454,0.244564,0.0220288,2.03908,0
10,4,0,8.42111,-1.99308,0.0917692,-24.5105,0.220963,0.00382897,28.9672,0
11,4,0,9.27288,-1.37141,0.0329512,-18.6337,0.216229,0.00748497,25.5608,0
12,4,0,10.2278,-1.04415,-0.0180788,-9.69747,0.213126,0.00856849,24.8732,0
13,4,0,10.7035,-1.22095,-0.0162226,-6.87139,0.214129,0.00867534,24.6824,0
14,4,0,11.0271,-1.20591,-0.00246499,-4.95511,0.215268,0.0089458,24.0636,0
15,4,0,11.1775,-1.22646,-0.0077199,-3.6049,0.216889,0.00917676,23.6346,0
16,4,0,11.0724,-1.23571,-0.0163217,-2.80955,0.219158,0.00915257,23.945,0
17,4,0,10.7933,-1.06675,-0.0168082,-2.58754,0.215619,0.00891548,24.1848,0
18,4,0,10.6581,-1.05157,-0.014834,-2.43591,0.21507,0.00923149,23.2974,0
19,4,0,10.4009,-0.931684,-0.0133262,-2.02549,0.215577,0.00993996,21.6879,0
20,4,0,10.2233,-0.788809,-0.0135764,-1.49802,0.217151,0.011004,19.7338,0
21,4,0,10.1339,-0.66527,-0.0198436,-1.00021,0.218241,0.0121563,17.9529,0
22,4,0,10.1068,-0.582275,-0.0247546,-0.606623,0.218655,0.0128978,16.9529,0
23,4,0,10.1108,-0.524922,-0.0253518,-0.337773,0.218625,0.0130954,16.6949,0
0,5,0,10.066,2.043,-0.0281483,83.175,0.224499,0.00782867,24.6747,0
1,5,0,11.1914,11.8411,-0.107639,81.2851,0.273737,0.00633299,30.574,0
2,5,0,10.2754,8.95563,-0.103035,83.9752,0.246076,0.0131913,2.45464,0
3,5,0,15.0201,10.5128,0.0163315,69.2967,0.2435,0.0140879,2.45634,0
4,5,0,19.5601,1.44225,1.01241,4.96379,0.245285,0.00370054,5.53443,0
5,5,0,19.1334,0.186011,0.685809,-14.0991,0.24965,0.00725301,2.88386,0
6,5,0,19.4946,-1.15558,0.146097,-28.0102,0.242922,0.00800753,2.38035,0
7,5,0,12.3778,-8.42617,0.368471,-67.6014,0.244035,0.00796365,2.78325,0
8,5,0,13.7811,-3.53064,0.102048,-40.4773,0.248533,0.0101009,2.27198,0
9,5,0,11.0694,-3.38334,0.0743216,-34.2168,0.228332,0.00247859,35.2806,0
10,5,0,10.8319,-1.36029,0.0501138,-26.75,0.217653,0.00689225,30.2292,0
11,5,0,10.698,-0.804495,0.0222988,-21.0716,0.213933,0.0075657,28.2767,0
12,5,0,10.7665,-0.926083,0.0133614,-16.0223,0.214721,0.0076447,28.0876,0
13,5,0,11.1399,-1.12762,0.00881346,-11.9373,0.216507,0.00773362,27.9955,0
14,5,0,11.4844,-1.07161,0.0143072,-6.73045,0.214833,0.00778027,27.6125,0
15,5,0,11.4663,-0.962569,0.0056473,-5.09256,0.215224,0.00784528,27.4335,0
16,5,0,11.2601,-0.79276,-0.00826916,-4.00269,0.216979,0.00787862,27.5402,0
17,5,0,10.9571,-0.606245,-0.011512,-3.47282,0.212965,0.00771427,27.6067,0
18,5,0,10.866,-0.563816,-0.0134642,-3.13825,0.211431,0.00777297,27.2008,0
19,5,0,10.6363,-0.523812,-0.0144783,-2.64282,0.211495,0.00804954,26.2742,0
20,5,0,10.4382,-0.518257,-0.0152045,-2.03751,0.216187,0.00935938,23.0984,0
21,5,0,10.2886,-0.471485,-0.0228753,-1.46314,0.21846,0.01122,19.4705,0
22,5,0,10.2305,-0.443961,-0.0300304,-0.99344,0.219197,0.0125772,17.4281,0
23,5,0,10.2026,-0.419778,-0.0314616,-0.640658,0.219233,0.0132293,16.5717,0
0,6,0,10.0034,1.57466,-0.0188007,67.0118,0.225226,0.0108612,20.7368,0
1,6,0,11.7336,8.09143,-0.0950956,65.3153,0.250447,0.00182194,24.1445,0
2,6,0,13.9163,7.81219,-0.0176661,59.406,0.258233,0.00821955,30.3395,0
3,6,0,13.8925,5.69086,-0.0310883,52.8874,0.245882,0.0110941,2.26258,0
4,6,0,17.1216,2.37502,0.229493,31.8011,0.248617,0.00997131,2.28343,0
5,6,0,19.7849,-3.18169,0.196422,13.1909,0.272831,0.00627748,41.0047,0
6,6,0,19.9107,-1.95091,0.207075,-14.8949,0.242843,0.017824,2.59381,0
7,6,0,18.2639,-4.08871,0.127067,-36.3727,0.245129,0.00777942,2.22125,0
8,6,0,16.7606,-2.22457,-0.00384141,-34.0775,0.246715,0.0125967,2.09674,0
9,6,0,13.201,-1.98507,-0.0245698,-31.5625,0.248369,0.0125343,2.17806,0
10,6,0,10.911,-0.450959,0.00691758,-26.7278,0.216894,0.00640797,33.8476,0
11,6,0,12.2089,-1.15185,-0.0148431,-18.0099,0.242346,0.0604305,2.08256,0
12,6,0,11.7666,-1.03343,-0.0379196,-13.4429,0.241375,0.0811148,2.02567,0
13,6,0,11.4489,-0.851791,-0.0609994,-10.084,0.240403,0.0912166,2.03502,0
14,6,0,11.152,-1.00569,-0.0462323,-8.96596,0.241588,0.077613,2.12297,0
15,6,0,10.5172,-0.444326,-0.0691029,-6.04131,0.244317,0.0629234,2.12178,0
16,6,0,10.3037,-0.422538,-0.0457262,-4.45421,0.239164,0.114006,2.09782,0
17,6,0,10.2966,-0.252027,-0.0608077,-4.15725,0.238769,0.111637,2.13879,0
18,6,0,10.3377,-0.145108,-0.0755355,-3.77956,0.239228,0.113672,2.10454,0
19,6,0,10.2452,0.0184988,-0.0812462,-3.23795,0.240349,0.0729255,2.03548,0
20,6,0,9.79506,0.108119,-0.0408873,-2.32648,0.213663,0.00715489,29.8625,0
21,6,0,9.83693,-0.134273,-0.0431692,-1.59944,0.217183,0.00958394,22.6611,0
22,6,0,9.8585,-0.2033,-0.0497409,-1.05125,0.218537,0.0118454,18.4492,0
23,6,0,9.90346,-0.234847,-0.0513413,-0.651134,0.218822,0.0130087,16.8213,0
0,7,0,10.0559,1.17932,-0.00658283,56.2615,0.225866,0.0123687,18.2611,0
1,7,0,11.3479,5.83489,-0.031706,55.0102,0.236312,0.00336667,19.9914,0
2,7,0,13.1141,5.14253,0.00946133,51.0051,0.240092,0.00224917,23.5893,0
3,7,0,14.6398,3.16563,0.0436268,43.9924,0.237922,0.0029466,27.7469,0
4,7,0,15.7065,-0.565025,0.107867,36.5404,0.237201,0.0048802,31.4046,0
5,7,0,15.1723,-2.68659,0.111326,25.8945,0.253662,0.0106965,2.97079,0
6,7,0,17.5691,-3.64851,0.151039,11.0863,0.251318,0.00842786,3.48649,0
7,7,0,19.6219,-1.29617,0.118765,-19.5481,0.242173,0.0548695,2.10878,0
8,7,0,16.2401,-0.0851074,0.057029,-35.5145,0.244517,0.015892,2.0459,0
9,7,0,15.254,1.07532,0.0778725,-35.3014,0.245537,0.0125014,2.16655,0
10,7,0,11.1347,-0.766917,-0.0632183,-23.2733,0.239222,0.0793039,2.57115,0
11,7,0,11.0461,-1.86052,-0.0235067,-18.2967,0.240189,0.0484279,2.2823,0
12,7,0,10.883,-0.662728,-0.0663604,-14.5113,0.241785,0.0472037,1.85679,0
13,7,0,10.5426,-0.316033,-0.108536,-10.9452,0.24754,0.0395676,1.94485,0
14,7,0,10.3573,-0.106508,-0.0867369,-8.28801,0.246554,0.0471883,1.96419,0
15,7,0,10.2179,-0.116066,-0.102492,-6.47852,0.243703,0.0657423,1.9499,0
16,7,0,10.2019,-0.248459,-0.107506,-5.02739,0.240898,0.0910083,1.94636,0
17,7,0,10.3512,-0.164341,-0.121516,-4.83621,0.241263,0.0802028,1.96977,0
18,7,0,10.5784,0.115155,-0.11993,-4.76401,0.24219,0.0452243,1.91456,0
19,7,0,10.3757,1.05276,-0.173128,-4.49387,0.243518,0.0268763,1.9472,0
20,7,0,9.82259,0.545336,-0.204461,-2.92492,0.243889,0.0408118,1.96652,0
21,7,0,9.52884,0.00132233,-0.0764693,-1.26385,0.218881,0.00865728,25.2829,0
22,7,0,9.71763,-0.174803,-0.0882266,-0.677513,0.218676,0.0113151,19.3261,0
23,7,0,9.83303,-0.23174,-0.0946051,-0.280068,0.21887,0.012778,17.1287,0
0,8,0,10.065,0.824451,0.00452688,49.5638,0.226167,0.0132638,17.0514,0
1,8,0,10.8685,3.98359,0.0311796,48.736,0.228714,0.00445322,18.0242,0
2,8,0,11.9602,3.46329,0.0545572,46.4143,0.229371,0.00388896,20.0791,0
3,8,0,12.4493,2.10055,0.0795111,43.0405,0.226367,0.00391801,23.4218,0
4,8,0,11.8257,0.116962,0.0846043,40.3053,0.218712,0.00499451,29.2419,0
5,8,0,11.3538,-1.85778,0.0367709,38.6422,0.261683,0.00999093,3.88873,0
6,8,0,4.23512,-0.630488,-0.72896,52.4444,0.271405,0.00470794,8.55541,0
7,8,0,,,,,,,,1
8,8,0,,,,,,,,1
9,8,0,3.39069,1.60511,0.557048,-39.1006,0.291938,0.00519711,5.76093,0
10,8,0,7.63679,1.63859,0.310363,-27.3875,0.266344,0.00644637,3.47393,0
11,8,0,-1.52826,-2.3963,-1.77602,-6.62203,0.227396,0.00917707,24.7787,0
12,8,0,,,,,,,,1
13,8,0,,,,,,,,1
14,8,0,,,,,,,,1
15,8,0,,,,,,,,1
16,8,0,,,,,,,,1
17,8,0,,,,,,,,1
18,8,0,,,,,,,,1
19,8,0,3.00407,5.37845,0.795911,-14.7461,0.250055,0.00238018,14.829,0
20,8,0,8.34169,1.61004,-0.556516,-3.47291,0.255605,0.0117587,2.44216,0
21,8,0,8.46689,0.596424,-0.282337,-0.344548,0.220725,0.00689873,25.7987,0
22,8,0,9.04646,0.244377,-0.298698,0.297575,0.219361,0.0110549,19.8429,0
23,8,0,9.38394,0.0703082,-0.292095,0.63486,0.219021,0.0125255,17.486,0
0,9,0,10.0522,0.541904,0.0112283,45.4102,0.226028,0.0134363,16.8221,0
1,9,0,10.5278,2.64439,0.0652536,44.881,0.224543,0.00618589,17.6981,0
2,9,0,11.1423,2.32076,0.0811825,43.5625,0.223536,0.00589374,19.5241,0
3,9,0,11.2748,1.64068,0.0902254,41.9399,0.220782,0.00678967,22.8154,0
4,9,0,10.3192,1.01247,0.066274,41.1415,0.214869,0.00741498,28.9776,0
5,9,0,8.82208,0.469011,-0.0232057,43.4565,0.25772,0.0114315,3.99177,0
6,9,0,8.54008,4.07481,0.0299646,44.0989,0.243449,0.0408344,3.45422,0
7,9,0,0.392689,3.72336,-0.933937,62.6943,0.285626,0.00349435,28.2728,0
8,9,0,,,,,,,,1
9,9,0,-3.44571,2.6648,1.65372,-39.0787,0.34484,0.00545427,7.93654,0
10,9,0,-5.02285,1.91409,1.13982,-32.6901,0.290915,0.0134067,6.78103,0
11,9,0,-1.46285,-4.08692,-2.05246,-5.11305,0.231747,0.00878606,22.3106,0
12,9,0,,,,,,,,1
13,9,0,,,,,,,,1
14,9,0,,,,,,,,1
15,9,0,,,,,,,,1
16,9,0,,,,,,,,1
17,9,0,,,,,,,,1
18,9,0,,,,,,,,1
19,9,0,1.97761,1.16951,-0.922105,-5.96118,0.265449,0.0100827,3.20206,0
20,9,0,7.02754,0.245285,-1.02601,-1.41183,0.264365,0.0132844,2.78194,0
21,9,0,7.08578,0.0195837,-0.70232,0.691746,0.223893,0.00419675,26.3699,0
22,9,0,8.11823,-0.223399,-0.682024,1.39304,0.220778,0.00799967,20.667,0
23,9,0,8.75632,-0.331993,-0.618332,1.65533,0.21936,0.0119615,18.3389,0
0,10,0,10.0375,0.316447,0.0136769,42.8674,0.225491,0.0129348,17.4328,0
1,10,0,10.3381,1.60338,0.0838163,42.5216,0.221449,0.00925385,18.8954,0
2,10,0,10.7986,1.39114,0.0931887,41.6794,0.21903,0.00853911,21.4302,0
3,10,0,10.9766,1.09135,0.0945927,40.5662,0.216418,0.00851684,25.4106,0
4,10,0,11.1527,0.762524,0.0917623,38.4255,0.245665,0.0324329,2.82707,0
5,10,0,10.0697,2.58889,0.105022,39.1613,0.247789,0.0201734,3.12815,0
6,10,0,11.0032,4.60011,0.173776,34.9642,0.252056,0.00975044,3.00752,0
7,10,0,11.1571,6.44122,0.179822,34.171,0.251669,0.00892212,3.48225,0
8,10,0,0.89544,6.16195,0.0365191,52.6029,0.294083,8.55823e-05,413.154,0
9,10,0,9.989,-5.236,0.465627,-42.3551,0.259314,0.00343963,9.1768,0
10,10,0,7.76552,-4.7733,0.668494,-27.0057,0.253194,0.00713661,3.6185,0
11,10,0,-2.46868,-4.05902,-2.2728,-1.02661,0.256077,0.00717646,35.6829,0
12,10,0,,,,,,,,1
13,10,0,,,,,,,,1
14,10,0,,,,,,,,1
15,10,0,,,,,,,,1
16,10,0,,,,,,,,1
17,10,0,,,,,,,,1
18,10,0,,,,,,,,1
19,10,0,2.32078,-0.0119258,-1.54748,-12.2792,0.269372,0.00671839,4.12171,0
20,10,0,7.07609,-0.216255,-1.17275,-1.51754,0.261589,0.0133633,2.66083,0
21,10,0,6.86508,-0.321955,-0.856175,1.12263,0.22321,0.00449333,27.5511,0
22,10,0,8.06912,-0.48974,-0.848578,1.98505,0.219068,0.00715237,22.6648,0
23,10,0,8.78544,-0.574923,-0.752192,2.24208,0.217211,0.010535,20.618,0
0,11,0,10.0249,0.147812,0.0127069,41.5334,0.224677,0.0119349,18.8251,0
1,11,0,10.1888,0.695369,0.0793837,41.3383,0.218363,0.00982673,22.2213,0
2,11,0,9.94251,-0.280084,0.0617725,41.3642,0.243034,0.0405155,2.9871,0
3,11,0,10.4354,-1.01,0.062006,41.0539,0.246841,0.0185552,3.3394,0
4,11,0,12.1944,-0.27133,0.173471,37.2424,0.246109,0.0205058,3.78338,0
5,11,0,12.1281,3.21718,0.786192,34.48,0.244799,0.028763,2.69866,0
6,11,0,13.2963,4.00102,0.323667,27.8032,0.250124,0.0108187,2.98691,0
7,11,0,14.1507,5.42522,0.426792,23.5922,0.251777,0.00770638,3.48484,0
8,11,0,15.8271,2.47651,0.069084,-11.6587,0.245663,0.00871863,2.14229,0
9,11,0,13.3568,-4.45558,0.346955,-23.2731,0.242929,0.00989048,2.20131,0
10,11,0,11.1388,-2.83168,0.485633,-18.9261,0.24995,0.00794623,2.46993,0
11,11,0,2.33308,-3.20191,-1.37331,-0.415832,0.264062,0.00703286,7.49223,0
12,11,0,,,,,,,,1
13,11,0,,,,,,,,1
14,11,0,,,,,,,,1
15,11,0,,,,,,,,1
16,11,0,,,,,,,,1
17,11,0,,,,,,,,1
18,11,0,,,,,,,,1
19,11,0,0.200007,-0.547807,-0.118627,-11.9376,0.296907,0.00404712,5.91916,0
20,11,0,6.71244,-0.661892,-1.07357,-1.15215,0.262988,0.014042,2.70053,0
21,11,0,6.43219,-0.594834,-0.812535,1.34352,0.223222,0.00513437,29.7203,0
22,11,0,9.11989,-1.26765,-0.563526,2.90979,0.25679,0.0310104,2.18784,0
23,11,0,9.85855,-1.31926,-0.357785,2.56953,0.244573,0.058219,1.98416,0
0,12,0,10.0047,0.0375196,0.0120683,41.1395,0.224011,0.0109781,20.4053,0
1,12,0,9.81797,0.121494,0.0589658,41.2027,0.216177,0.0083754,25.8109,0
2,12,0,8.87501,-0.367725,0.0317928,42.9394,0.245728,0.0246265,3.61683,0
3,12,0,11.2424,-3.50403,0.0447138,41.8669,0.244071,0.0151421,4.32453,0
4,12,0,13.1213,-0.279305,-0.334978,30.9548,0.242796,0.00824986,7.11276,0
5,12,0,12.0022,-0.481082,0.196286,28.9368,0.238213,0.00380589,34.3081,0
6,12,0,16.4589,2.09569,2.10633,14.2238,0.260333,0.00636156,9.70855,0
7,12,0,14.8245,5.34183,0.326018,-5.16859,0.242778,0.0165859,2.4347,0
8,12,0,13.8867,3.53726,0.0963934,-11.608,0.246864,0.00716893,2.28261,0
9,12,0,12.5699,-0.178417,0.23104,-10.691,0.250094,0.0136865,2.33378,0
10,12,0,9.9145,-1.04867,0.54227,-5.52863,0.255635,0.0113976,3.50729,0
11,12,0,2.70491,-1.79854,-1.13218,6.16129,0.281638,0.004904,13.0967,0
12,12,0,,,,,,,,1
13,12,0,,,,,,,,1
14,12,0,,,,,,,,1
15,12,0,,,,,,,,1
16,12,0,,,,,,,,1
17,12,0,,,,,,,,1
18,12,0,,,,,,,,1
19,12,0,0.206834,-0.865989,-0.124677,-11.6802,0.288391,0.0042452,5.22998,0
20,12,0,6.518,-0.896755,-1.01976,-0.68829,0.262983,0.0149198,2.6833,0
21,12,0,8.11725,-1.44369,-0.591695,3.26405,0.261275,0.026945,2.22558,0
22,12,0,8.79389,-1.66971,-0.420926,3.74571,0.258014,0.0223899,2.2311,0
23,12,0,9.58183,-2.50537,-0.201815,4.7845,0.248922,0.0197344,2.38934,0
0,13,0,10.0187,-0.0173372,0.00243146,41.3113,0.223411,0.0101883,21.9281,0
1,13,0,9.44736,0.0233719,0.061885,41.4663,0.214919,0.00786836,27.3143,0
2,13,0,8.48934,0.13599,0.0330143,43.3258,0.251345,0.0155155,3.91916,0
3,13,0,4.77208,0.268308,-0.47367,51.3154,0.267132,0.00516912,7.89091,0
4,13,0,,,,,,,,1
5,13,0,,,,,,,,1
6,13,0,,,,,,,,1
7,13,0,-2.84588,-0.5102,1.6429,-21.157,0.277994,0.00506592,9.77122,0
8,13,0,7.32549,4.1485,0.434092,-10.658,0.263157,0.00568924,4.11772,0
9,13,0,9.29498,-0.468084,0.232338,-0.592794,0.25715,0.0222672,2.58862,0
10,13,0,9.69461,1.06466,0.560212,-0.10254,0.2583,0.0162439,3.71144,0
11,13,0,4.54507,2.36477,-0.448956,9.55453,0.264229,0.00632542,8.64116,0
12,13,0,12.0566,0.696981,0.256773,-3.02298,0.242905,0.0153171,2.26149,0
13,13,0,11.4416,0.191983,0.252869,-5.32521,0.243895,0.0242461,2.44439,0
14,13,0,10.6365,0.341384,0.537042,-3.50934,0.241632,0.0181044,6.07396,0
15,13,0,7.13671,2.10953,1.25277,8.5775,0.244583,0.00369761,40.5367,0
16,13,0,,,,,,,,1
17,13,0,,,,,,,,1
18,13,0,,,,,,,,1
19,13,0,-3.77937,-0.537184,1.94026,-14.7435,0.255146,0.0102988,6.44635,0
20,13,0,5.06222,-1.27561,-0.99022,-3.11209,0.263652,0.00890544,2.93747,0
21,13,0,7.54983,-1.33788,-0.563089,4.06024,0.259689,0.0218248,2.19838,0
22,13,0,5.1561,-2.46821,-0.424375,10.4182,0.261125,0.0092533,4.19357,0
23,13,0,5.44056,-5.54358,-0.613088,15.1468,0.253114,0.00222099,3.59638,0
0,14,0,10.1908,-0.816547,0.0215558,44.3272,0.220756,0.0075616,29.1943,0
1,14,0,12.4757,-1.62544,0.116315,40.8451,0.219063,0.00288287,33.1571,0
2,14,0,10.2684,1.24074,0.0821396,40.6857,0.254155,0.0139057,3.66802,0
3,14,0,13.3283,4.04819,0.20218,31.8795,0.248983,0.0158251,3.73931,0
4,14,0,14.8676,0.305596,0.062606,6.43656,0.240837,0.087877,1.94355,0
5,14,0,14.5117,0.353204,0.0796229,-0.357583,0.239892,0.106515,1.9148,0
6,14,0,14.2243,0.278233,0.0614039,-4.35435,0.240823,0.0465061,1.90822,0
7,14,0,15.0609,-0.0867361,0.150336,-9.67868,0.239596,0.111664,2.14569,0
8,14,0,11.3778,-2.34654,0.241178,-11.5363,0.243601,0.0106454,2.10665,0
9,14,0,10.4961,-2.01349,0.207149,-3.88726,0.256229,0.0166103,2.648,0
10,14,0,11.0813,-0.480563,0.278767,0.751152,0.247418,0.0297173,2.98433,0
11,14,0,11.2193,1.17192,0.2922,2.74494,0.250352,0.0129619,4.40286,0
12,14,0,13.0021,0.0918511,0.092036,-3.13639,0.240406,0.068169,2.21766,0
13,14,0,12.4336,0.208012,0.0411144,-4.73298,0.242046,0.0415139,2.0096,0
14,14,0,11.3649,0.854891,0.0662896,-4.26049,0.246699,0.019864,2.07796,0
15,14,0,9.23468,2.98024,0.289278,-0.79577,0.249006,0.0149527,3.77534,0
16,14,0,6.94244,7.94688,-0.104665,5.78858,0.246339,0.0153124,16.0876,0
17,14,0,11.5535,0.711686,0.285121,-9.46827,0.243113,0.0165075,3.1429,0
18,14,0,11.5656,0.21971,-0.137828,-9.52055,0.242993,0.0144227,3.46266,0
19,14,0,3.26502,-3.41718,0.428334,-18.952,0.26299,0.00272377,8.15677,0
20,14,0,6.26542,-1.53308,-0.720641,-3.24852,0.260774,0.00919878,2.76246,0
21,14,0,7.50849,0.478485,-0.166017,4.33313,0.256099,0.021215,2.49126,0
22,14,0,3.26543,1.48609,-0.365453,10.931,0.260299,0.0121577,4.99084,0
23,14,0,-0.0750921,0.180535,-1.26851,19.2019,0.198952,0.0048382,41.121,0
0,15,0,10.082,-1.27944,0.0369638,51.694,0.247646,0.012568,2.40896,0
1,15,0,11.6114,-5.2671,0.253074,50.7877,0.251726,0.00666214,2.89902,0
2,15,0,14.6657,0.0382341,0.400952,33.5444,0.253764,0.0113366,2.8661,0
3,15,0,14.7181,1.3087,0.335782,27.8602,0.248254,0.0195734,2.82711,0
4,15,0,14.675,0.33333,0.0940846,6.64953,0.241153,0.0796715,1.89066,0
5,15,0,14.3966,0.266408,0.0840019,-0.0710991,0.239852,0.116891,2.05194,0
6,15,0,14.0974,0.406569,0.0583423,-4.02475,0.23987,0.0602629,1.96573,0
7,15,0,14.0898,-0.0991226,0.0867594,-5.45352,0.240864,0.0392315,1.96313,0
8,15,0,11.5428,-0.704147,0.0934459,-3.57698,0.244342,0.0263757,2.05179,0
9,15,0,10.3736,-2.00874,0.0542955,1.04739,0.211024,0.00595514,35.4356,0
10,15,0,11.7599,-1.00705,0.113783,1.31378,0.245482,0.0256283,2.68097,0
11,15,0,12.8992,-0.473263,0.10555,-0.578356,0.243642,0.0301078,2.72492,0
12,15,0,12.977,-0.14321,0.0981519,-2.60146,0.241139,0.0832135,2.35228,0
13,15,0,12.5732,0.885146,0.224497,-8.39654,0.239659,0.053385,2.24212,0
14,15,0,11.8523,1.49867,0.0469974,-6.07586,0.24323,0.0256888,1.96907,0
15,15,0,10.8829,2.36978,0.109685,-4.05954,0.246591,0.0248843,2.8865,0
16,15,0,10.8157,3.18691,0.16805,-3.39453,0.243464,0.0301868,3.42121,0
17,15,0,11.2154,0.499349,0.0085748,-5.70983,0.241944,0.0616102,1.90507,0
18,15,0,11.0051,0.213024,-0.0130578,-5.30188,0.240822,0.0653157,2.12552,0
19,15,0,10.5948,-0.163052,-0.0142891,-4.09882,0.24308,0.0226099,2.03012,0
20,15,0,9.18513,-0.292682,-0.142122,-2.13346,0.247288,0.0274237,2.12026,0
21,15,0,8.33813,0.784953,-0.184414,3.62478,0.251812,0.0275694,2.37878,0
22,15,0,9.05114,2.28545,-0.160804,4.90973,0.250791,0.0160049,3.46436,0
23,15,0,10.5486,1.02011,-0.0277327,2.53263,0.242172,0.0323093,2.29806,0
0,16,0,10.0808,-2.39427,-0.0621126,81.0458,0.250206,0.00656414,3.02234,0
1,16,0,14.0989,-8.52853,-0.0191791,67.7591,0.245503,0.00668421,2.88307,0
2,16,0,14.9959,-1.44139,0.332886,24.3575,0.241297,0.0206528,2.60406,0
3,16,0,14.4635,0.590152,0.857668,16.0308,0.253104,0.0124883,3.78702,0
4,16,0,14.9321,0.0716685,0.543468,4.66093,0.251673,0.0301347,2.9477,0
5,16,0,15.2205,0.313155,0.478679,-1.99898,0.243155,0.100644,2.41599,0
6,16,0,14.2032,-0.0332551,0.297311,-7.3015,0.240631,0.0561739,2.10019,0
7,16,0,14.8946,1.98562,0.145967,-10.1983,0.243294,0.00672906,2.26313,0
8,16,0,9.48225,0.938632,0.0989539,1.92322,0.257239,0.0111591,2.55954,0
9,16,0,7.07201,-1.84314,0.0694113,4.99459,0.217455,0.00252626,35.176,0
10,16,0,7.53158,-2.27412,-0.279972,11.6621,0.251009,0.00889636,4.63457,0
11,16,0,12.8372,-0.420152,0.501486,-7.44237,0.250984,0.00496897,4.84828,0
12,16,0,10.3841,-1.211,-0.174495,-16.6414,0.24335,0.0040587,38.895,0
13,16,0,13.1908,-1.58118,-0.0832658,-19.2816,0.235922,0.00286825,82.2529,0
14,16,0,6.76944,-1.3526,4.0891,-19.928,0.240096,0.00134639,36.4984,0
15,16,0,8.83722,2.89582,0.266907,-13.6438,0.247891,0.011006,3.3608,0
16,16,0,10.6229,1.84202,-0.0980495,-7.75989,0.24225,0.0371299,2.16057,0
17,16,0,10.4,0.536801,-0.049175,-3.93798,0.206265,0.00494639,41.7002,0
18,16,0,11.0577,1.24588,-0.165876,-3.7857,0.242433,0.119953,2.02107,0
19,16,0,10.5645,0.319051,-0.0396218,-3.39214,0.243107,0.0356364,2.00706,0
20,16,0,9.81178,1.36915,-0.0311922,-0.773179,0.211622,0.00594598,33.6747,0
21,16,0,9.47088,1.46097,-0.0345434,0.667079,0.210656,0.00666548,31.6041,0
22,16,0,9.35332,1.24528,0.00767525,2.89758,0.240969,0.0644269,2.50144,0
23,16,0,9.57443,0.659019,0.190854,3.69479,0.244514,0.0170009,3.93899,0
0,17,0,10.334,-1.7563,-0.0378179,131.616,0.247088,0.00917256,3.07985,0
1,17,0,5.82716,-9.62174,-0.200191,133.92,0.253871,0.00425049,5.12811,0
2,17,0,,,,,,,,1
3,17,0,,,,,,,,1
4,17,0,,,,,,,,1
5,17,0,,,,,,,,1
6,17,0,,,,,,,,1
7,17,0,9.26697,3.60799,0.0646973,-6.26258,0.25511,0.00812793,3.26657,0
8,17,0,4.63668,1.41481,0.162864,6.31688,0.301409,0.0189173,3.89,0
9,17,0,2.62284,-0.658645,0.0659103,9.36402,0.264279,0.00218464,35.3227,0
10,17,0,2.85335,0.412493,-0.650479,18.7073,0.288113,0.0132015,6.18083,0
11,17,0,1.06569,0.25194,-0.520664,23.4087,0.263104,0.00532059,29.6846,0
12,17,0,,,,,,,,1
13,17,0,,,,,,,,1
14,17,0,3.81874,-7.1274,2.53381,-12.2303,0.245469,0.00308276,15.5024,0
15,17,0,4.39802,1.29649,-1.0527,-9.87413,0.282723,0.00826773,6.44517,0
16,17,0,4.4548,-1.23026,0.107899,-3.45141,0.230146,0.00420178,34.5928,0
17,17,0,8.61508,1.357,-0.0184827,-2.04283,0.25907,0.0205935,2.74144,0
18,17,0,9.55232,1.37904,-0.216201,-1.88735,0.257408,0.0216317,3.05972,0
19,17,0,10.3485,2.00986,-0.198866,-2.25004,0.241901,0.0748713,1.95453,0
20,17,0,8.94546,2.23939,-0.0413067,-0.730178,0.244987,0.0268367,2.02696,0
21,17,0,8.80069,1.73062,-0.0246819,0.76021,0.21365,0.00418083,32.3749,0
22,17,0,8.91922,1.23799,0.040866,2.89226,0.242262,0.0734802,2.56448,0
23,17,0,7.755,0.793835,0.527313,5.27478,0.243867,0.0189226,5.09386,0
0,18,0,10.3559,-0.366294,-0.0430057,154.28,0.238901,0.0451477,3.01265,0
1,18,0,3.73688,-5.05362,-0.427166,157.602,0.288365,0.00331788,12.8833,0
2,18,0,-8.9702,-1.15888,-1.18739,169.808,0.266331,0.00381887,69.7408,0
3,18,0,,,,,,,,1
4,18,0,,,,,,,,1
5,18,0,-3.39834,2.32728,2.31629,2.12595,0.258528,0.00946586,27.3117,0
6,18,0,-2.52094,-0.402824,0.216686,2.6804,0.338541,0.00545564,27.1936,0
7,18,0,-3.50568,-5.06865,1.9073,-0.893164,0.271736,0.00423905,6.02713,0
8,18,0,2.00726,-0.877893,-0.22041,8.75235,0.262248,0.0447644,2.662,0
9,18,0,0.357053,-1.28864,-0.114323,11.7218,0.352605,0.00967842,36.432,0
10,18,0,-0.590139,0.548883,-0.808919,19.4288,0.251115,0.0163575,5.53851,0
11,18,0,-2.3532,2.53991,-1.36526,21.0828,0.233752,0.0184184,12.6912,0
12,18,0,,,,,,,,1
13,18,0,,,,,,,,1
14,18,0,-1.71032,-9.67802,4.02396,-5.67632,0.265832,0.00462835,13.5884,0
15,18,0,1.02286,-2.25455,-1.48199,-2.80872,0.246954,0.0102982,2.50601,0
16,18,0,-3.99413,-2.9479,-0.139226,1.38421,0.285989,0.00734382,16.1062,0
17,18,0,5.80714,0.186459,-0.347747,-2.82353,0.258716,0.0163751,8.94405,0
18,18,0,11.7504,0.194047,0.21236,-4.77147,0.266751,0.00436842,61.0634,0
19,18,0,11.6843,1.32241,-0.177291,-7.34901,0.257668,0.00597145,28.6803,0
20,18,0,7.78024,3.82861,0.184342,-3.47668,0.250731,0.00991714,2.39185,0
21,18,0,7.22414,2.58894,-0.000417235,1.06707,0.220488,0.00309275,33.3441,0
22,18,0,8.69152,1.42428,0.00805042,3.37767,0.251698,0.0542715,2.92565,0
23,18,0,7.38431,1.27508,0.505257,6.03276,0.247912,0.0160965,5.84394,0
0,19,0,10.5131,-0.00693087,-0.17232,163.26,0.2389,0.0969861,2.20577,0
1,19,0,7.92191,-1.34639,1.94053,163.862,0.261587,0.00561169,4.97436,0
2,19,0,-3.94482,-1.34917,-1.57753,169.955,0.498064,0.00433932,54.7766,0
3,19,0,,,,,,,,1
4,19,0,,,,,,,,1
5,19,0,-2.44736,0.783206,1.0825,1.43288,0.31941,0.00612771,11.7081,0
6,19,0,-1.68138,-0.976849,0.18961,1.86552,0.304308,0.00740515,10.1643,0
7,19,0,2.7248,-2.0522,-0.130975,2.41918,0.257181,0.0175533,2.68808,0
8,19,0,2.01072,-0.608097,-0.376289,8.29178,0.271014,0.0232516,2.77649,0
9,19,0,3.09175,-0.471512,-0.434691,12.4046,0.269078,0.0202638,2.79785,0
10,19,0,0.052522,1.11498,-0.778218,18.559,0.260402,0.017591,4.95096,0
11,19,0,-1.71775,1.61733,-1.15459,20.0867,0.251612,0.0126755,13.257,0
12,19,0,,,,,,,,1
13,19,0,,,,,,,,1
14,19,0,-4.26072,-2.65148,2.55101,-4.44549,0.297891,0.00556496,5.19423,0
15,19,0,-5.41967,-2.91193,-0.337663,-0.737942,0.253767,0.0288781,2.66356,0
16,19,0,-3.16741,-3.35998,-0.740112,1.84046,0.278437,0.0093546,8.74245,0
17,19,0,,,,,,,,1
18,19,0,,,,,,,,1
19,19,0,-4.91971,-4.84198,0.307146,-11.1097,0.305155,0.0150567,20.2671,0
20,19,0,0.84424,-0.35312,0.309552,-3.98897,0.284408,0.0108342,4.5954,0
21,19,0,4.99521,-0.232609,0.00124618,0.243214,0.228199,0.006665,33.0988,0
22,19,0,6.50047,-0.408546,0.0412877,3.83156,0.259917,0.0391033,3.3111,0
23,19,0,6.7276,-0.263017,0.182853,7.09204,0.246922,0.018033,5.86522,0
0,20,0,10.527,0.0824604,-0.191098,163.765,0.239452,0.0684055,2.01488,0
1,20,0,3.50247,-0.977551,1.55417,167.197,0.276232,0.00712361,7.60539,0
2,20,0,-3.70998,-3.63533,-1.51576,170.956,0.263184,0.00853251,30.8448,0
3,20,0,,,,,,,,1
4,20,0,,,,,,,,1
5,20,0,1.68001,-2.52807,0.218745,-12.0762,0.269019,0.00425043,5.52366,0
6,20,0,2.50881,-2.31042,0.0464283,-10.0973,0.255313,0.00794628,3.30722,0
7,20,0,3.45063,-1.71768,-0.133178,-3.92331,0.252202,0.0167282,2.65529,0
8,20,0,5.06523,0.090456,-0.2682,4.76575,0.251453,0.0120714,2.53555,0
9,20,0,3.28714,3.29252,-0.0834108,9.67832,0.256218,0.0179832,2.57855,0
10,20,0,2.06721,4.90457,0.109088,9.30382,0.258759,0.0131758,2.55814,0
11,20,0,-0.295228,2.51084,-0.764964,18.622,0.235855,0.0212338,11.1075,0
12,20,0,,,,,,,,1
13,20,0,,,,,,,,1
14,20,0,-2.94016,1.64631,1.32208,-5.94236,0.351513,0.0101441,6.39409,0
15,20,0,1.72197,-1.54424,-0.688679,0.846226,0.312191,0.01115,4.86132,0
16,20,0,-0.943332,-1.83077,-1.1031,1.75862,0.286833,0.0130209,4.18392,0
17,20,0,1.28026,1.57721,-0.472171,9.68603,0.247286,0.0113989,21.6939,0
18,20,0,7.29013,-3.43607,0.0614225,-26.3238,0.265314,0.0023159,6.36587,0
19,20,0,2.45189,-4.93238,0.624583,-25.8725,0.244325,0.00860424,15.2791,0
20,20,0,5.16525,-2.30987,0.179975,-8.0881,0.259586,0.00849939,2.78627,0
21,20,0,7.0032,-0.920317,-0.00529591,-2.05225,0.215195,0.00291351,31.1249,0
22,20,0,8.30868,-0.811109,0.0233251,1.54629,0.261443,0.0248426,3.25776,0
23,20,0,7.37082,-0.462559,0.365889,5.25628,0.252042,0.0121567,5.34733,0
0,21,0,9.93346,0.240779,0.00726409,25.1153,0.240117,0.0329496,2.43441,0
1,21,0,8.86506,2.25712,-0.20997,26.6532,0.24906,0.0055658,3.35142,0
2,21,0,9.09418,1.30188,-0.0353829,22.4946,0.244208,0.0140028,2.45729,0
3,21,0,10.6897,0.375081,0.0353463,10.2394,0.405196,0.00136172,138.66,0
4,21,0,10.6121,0.44925,0.0531011,9.93927,0.404793,0.00304568,132.907,0
5,21,0,1.56039,-6.59802,-1.16306,12.5508,0.259381,0.002682,5.5903,0
6,21,0,2.86071,-6.56205,-1.95132,12.8139,0.309396,0.00108077,118.657,0
7,21,0,,,,,,,,1
8,21,0,,,,,,,,1
9,21,0,0.505305,3.58964,0.473459,4.28512,0.306397,0.00726895,5.06833,0
10,21,0,1.61257,4.70574,-0.394346,12.3125,0.245849,0.0283892,2.71397,0
11,21,0,0.749369,2.96017,-0.508955,17.0696,0.243984,0.00789232,16.5186,0
12,21,0,9.87814,-0.318763,0.37604,-8.04524,0.253857,0.0146418,3.46158,0
13,21,0,11.6619,-0.137797,0.315452,-11.9475,0.242483,0.0292891,2.80427,0
14,21,0,5.36586,-2.33411,1.19149,-14.2431,0.255769,0.0061234,3.66271,0
15,21,0,5.53059,-1.25226,-0.392959,-0.919381,0.281453,0.00910405,3.68822,0
16,21,0,9.62923,1.40386,-0.298549,-1.32434,0.251276,0.0121948,3.85539,0
17,21,0,3.48581,5.97368,0.508685,6.95472,0.250333,0.00815673,10.5784,0
18,21,0,11.0045,-5.0038,-0.195733,-12.8095,0.244504,0.0209009,2.06774,0
19,21,0,8.35286,-4.5641,0.18218,-14.9339,0.243354,0.0158442,2.08194,0
20,21,0,8.61096,-2.31999,0.0296628,-5.92585,0.218689,0.00403495,31.7009,0
21,21,0,8.93084,-0.938061,-0.0284842,-3.3419,0.215581,0.00746487,26.2756,0
22,21,0,9.35692,-0.45921,-0.0531674,-1.84189,0.213032,0.00810315,26.29,0
23,21,0,9.60654,0.289541,0.0217253,0.185821,0.246554,0.0315021,3.52105,0
0,22,0,9.98343,0.307164,-0.0124832,23.7879,0.240304,0.0478084,1.81567,0
1,22,0,10.1959,2.98517,-0.0604127,22.9645,0.243207,0.0344712,2.70621,0
2,22,0,11.0699,1.65427,0.0167134,16.9493,0.24438,0.03367,2.46828,0
3,22,0,11.3763,0.652195,0.014934,13.9011,0.244914,0.035646,2.01999,0
4,22,0,10.9353,0.325777,0.141028,10.3438,0.242747,0.0394008,3.08924,0
5,22,0,10.9166,1.27882,-0.0513218,11.8203,0.248352,0.0255357,2.4784,0
6,22,0,11.9981,1.66859,-0.0364191,9.80287,0.247226,0.0122802,2.54094,0
7,22,0,12.7711,-0.052858,0.0341554,2.72134,0.242521,0.0473027,2.29545,0
8,22,0,13.0994,-0.501001,0.14056,-2.96447,0.24113,0.0173064,2.1334,0
9,22,0,1.04159,-0.0164715,0.690328,-0.662312,0.316586,0.0058942,7.86253,0
10,22,0,9.67366,0.268998,0.149497,2.74553,0.257003,0.0106111,2.61267,0
11,22,0,9.92348,1.7534,0.269052,-2.39445,0.247149,0.00991666,2.75722,0
12,22,0,11.1028,-0.227806,0.066216,-4.53136,0.245288,0.034071,2.46342,0
13,22,0,11.4436,-1.04882,0.09202,-6.02072,0.241059,0.0330312,1.8949,0
14,22,0,11.7037,-1.56658,0.0727939,-6.81552,0.239932,0.0671631,1.92929,0
15,22,0,10.2257,-0.935363,-0.0657138,-5.29889,0.243235,0.0281157,1.9847,0
16,22,0,10.4241,0.398347,-0.189427,-3.74973,0.24514,0.0218674,2.63218,0
17,22,0,12.171,0.305453,-0.12765,-6.03791,0.242367,0.0310578,2.57722,0
18,22,0,11.6913,-2.40561,-0.0612094,-9.37205,0.249318,0.0126016,2.26378,0
19,22,0,10.411,-2.1268,0.0201842,-6.75218,0.217815,0.00418766,31.1038,0
20,22,0,10.0563,-1.49282,-0.00598725,-5.10224,0.217218,0.00774939,24.3387,0
21,22,0,9.80957,-0.986656,-0.0370814,-3.45967,0.216974,0.0101315,21.4158,0
22,22,0,9.88336,-0.673344,-0.0569461,-2.22959,0.217432,0.010152,21.4177,0
23,22,0,9.98126,-0.493947,-0.0541433,-1.33044,0.213514,0.00876651,24.3556,0
0,23,0,10.0529,0.355702,-0.000715586,19.0629,0.216668,0.00655645,33.0465,0
1,23,0,10.6476,1.24627,0.00514811,17.3094,0.239868,0.0953144,2.15852,0
2,23,0,10.7994,1.16498,0.010168,15.7013,0.240887,0.0580547,2.28431,0
3,23,0,10.9595,0.842307,0.0198512,14.7987,0.240396,0.0923549,2.1223,0
4,23,0,11.0681,0.693935,0.00677788,12.1489,0.238924,0.10039,2.37995,0
5,23,0,11.2361,1.0507,-0.0154665,10.9789,0.243293,0.0420822,2.74319,0
6,23,0,11.788,0.58214,0.00330884,8.01315,0.240416,0.069145,2.12326,0
7,23,0,12.4739,0.279555,0.0135984,3.90508,0.240328,0.115802,2.07534,0
8,23,0,12.1725,-0.263646,0.0486942,1.19124,0.241027,0.0555775,1.97288,0
9,23,0,11.3115,-0.263326,0.0378375,-0.200851,0.241359,0.0418305,1.93188,0
10,23,0,11.1432,-0.0354312,0.0183511,0.235402,0.240976,0.0556253,1.96093,0
11,23,0,11.8669,0.127367,-0.0149,-0.69725,0.240194,0.0810159,1.99367,0
12,23,0,11.8626,-0.161308,-0.00570443,-1.62386,0.239337,0.122334,1.95642,0
13,23,0,11.5438,-0.335377,-0.00924683,-3.77421,0.23861,0.12394,1.9252,0
14,23,0,11.5555,-0.667105,-0.0201856,-4.56728,0.239746,0.0627894,1.93072,0
15,23,0,11.2492,-0.788243,-0.0386179,-4.6413,0.240411,0.0592673,1.93612,0
16,23,0,11.3521,-0.431843,-0.0325839,-4.62195,0.215718,0.00789764,27.3142,0
17,23,0,11.444,-0.801991,-0.0128199,-5.12386,0.213623,0.00810056,26.3714,0
18,23,0,11.3159,-1.19986,0.00257589,-5.53429,0.213272,0.0083636,25.5,0
19,23,0,10.8846,-1.11724,0.00684646,-5.32302,0.216161,0.00872029,22.7794,0
20,23,0,10.4571,-0.950028,-0.00737232,-4.45179,0.217183,0.0109542,19.8265,0
21,23,0,10.1981,-0.658169,-0.0230954,-3.38839,0.217315,0.011801,18.415,0
22,23,0,10.12,-0.423857,-0.0340146,-2.41548,0.220087,0.011949,18.4189,0
23,23,0,10.134,-0.291553,-0.0359609,-1.5821,0.217645,0.0109677,19.8442,0
0,0,1,10.0495,0.0393517,-0.0048796,144.331,0.23787,0.112277,2.1186,0
1,0,1,9.7388,0.415718,-0.0177141,144.271,0.244622,0.0301742,2.91058,0
2,0,1,10.635,-0.460685,0.0314434,143.61,0.248805,0.0154788,2.14645,0
3,0,1,17.3303,-2.00839,-0.0128653,132.837,0.253118,0.00371819,2.94098,0
4,0,1,27.0211,0.903801,-0.0329949,34.8445,0.242393,0.00423873,2.15447,0
5,0,1,26.3638,1.30205,0.0570258,-101.697,0.245627,0.0111763,2.15591,0
6,0,1,23.8726,-0.197082,0.0535805,-119.611,0.241482,0.0135079,1.87717,0
7,0,1,23.1057,0.173395,0.0485632,-113.515,0.242224,0.00711074,1.97257,0
8,0,1,10.8929,-1.05562,0.189529,-44.9844,0.243811,0.0179728,2.22419,0
9,0,1,7.33855,-0.618113,0.467028,-30.5332,0.243635,0.0545044,2.01324,0
10,0,1,9.14605,-0.566982,-0.0203866,-20.3429,0.259077,0.0176684,2.36249,0
11,0,1,6.12267,1.05521,0.0120121,3.75316,0.259458,0.0044574,3.15183,0
12,0,1,2.88911,-0.229224,0.033896,12.397,0.200332,0.000210932,229.37,0
13,0,1,,,,,,,,1
14,0,1,,,,,,,,1
15,0,1,,,,,,,,1
16,0,1,,,,,,,,1
17,0,1,,,,,,,,1
18,0,1,1.94102,0.809698,-0.572253,-10.8331,0.18817,0.00137693,136.658,0
19,0,1,2.4892,-2.5038,-0.342716,-6.44128,0.278397,0.0048254,4.64794,0
20,0,1,7.41419,-1.5452,-0.152703,0.424495,0.256467,0.0166289,2.2934,0
21,0,1,8.73419,-0.910787,-0.0549013,1.62591,0.245275,0.0762165,1.93002,0
22,0,1,9.12101,-0.796802,-0.0602142,1.9763,0.242737,0.121438,1.91808,0
23,0,1,9.24014,-0.644524,-0.0466274,2.12227,0.24067,0.0972438,2.47491,0
0,1,1,10.1274,0.104463,-0.00424873,143.391,0.237912,0.112796,2.10922,0
1,1,1,7.77953,2.06498,-0.110025,144.302,0.257839,0.0145217,3.33298,0
2,1,1,7.28441,-0.904046,-0.000324754,147.38,0.264716,0.0105048,2.80752,0
3,1,1,5.43123,-4.07728,0.0486986,152.326,0.2599,0.00324809,3.29752,0
4,1,1,17.8926,-15.0034,0.0554837,74.2699,0.28893,0.000305583,64.0945,0
5,1,1,,,,,,,,1
6,1,1,24.757,-2.22199,-0.106319,-135.196,0.320709,0.00300814,63.9646,0
7,1,1,11.6439,2.15854,0.0765173,-86.9584,0.250239,0.00628552,3.98579,0
8,1,1,6.39947,0.296201,0.482088,-41.0209,0.261091,0.00766155,3.3543,0
9,1,1,10.8397,0.153971,0.286732,-25.8752,0.25499,0.0162185,2.21983,0
10,1,1,11.6181,1.12801,-0.179078,-12.5305,0.252358,0.0278619,2.13097,0
11,1,1,12.2749,2.21154,0.0874064,-2.42412,0.244966,0.10652,2.02213,0
12,1,1,10.4464,4.38255,0.0613781,3.38971,0.244637,0.00787333,2.1205,0
13,1,1,10.4867,0.522606,0.0529737,-3.69814,0.24684,0.011288,2.22726,0
14,1,1,10.1862,0.242215,0.0855606,-2.61663,0.242036,0.0713702,2.05772,0
15,1,1,9.91344,0.0687152,0.0700699,-2.30216,0.239593,0.112223,2.13496,0
16,1,1,10.0684,0.0150255,0.0605013,-2.52142,0.241818,0.0689395,2.31917,0
17,1,1,7.93742,-3.62012,0.000861811,-16.3416,0.244003,0.00178896,15.849,0
18,1,1,10.0021,-3.16501,-0.067707,-7.58354,0.244118,0.0161899,2.04145,0
19,1,1,9.2939,-1.89395,-0.141847,-3.7249,0.244558,0.0245045,1.91151,0
20,1,1,8.55668,-0.64348,-0.0338415,-0.487118,0.240549,0.0993519,1.84547,0
21,1,1,9.10002,-0.176118,-0.0442153,0.457768,0.240604,0.0896727,1.85198,0
22,1,1,9.39861,-0.0719064,-0.043479,0.91191,0.23929,0.12765,1.87458,0
23,1,1,9.64465,-0.00884841,-0.044686,1.06472,0.237655,0.101102,2.35065,0
0,2,1,10.0075,0.530791,-0.00535966,139.346,0.238935,0.0588349,2.16335,0
1,2,1,6.62826,5.56949,-0.137813,141.149,0.264438,0.00965223,3.45147,0
2,2,1,4.08488,1.64688,-0.0256192,147.254,0.280437,0.00847528,3.55683,0
3,2,1,0.348314,0.8642,0.00935648,153.857,0.236124,0.0263646,8.9561,0
4,2,1,,,,,,,,1
5,2,1,,,,,,,,1
6,2,1,,,,,,,,1
7,2,1,1.7736,-4.66974,0.296931,-53.7396,0.358652,0.00132302,29.6051,0
8,2,1,-1.26936,-0.344631,0.552868,-33.7242,0.284677,0.00831518,3.70879,0
9,2,1,-4.63586,-1.88398,0.584545,-24.8029,0.297655,0.0144216,4.63952,0
10,2,1,8.85466,1.90249,-0.0879068,-11.4286,0.262067,0.0207633,2.2235,0
11,2,1,8.70094,3.29752,-0.102649,-3.96469,0.247394,0.0234399,1.94268,0
12,2,1,4.00278,1.63626,-0.152402,-5.1847,0.317935,0.0162258,3.87451,0
13,2,1,8.31513,0.467448,0.0467024,-0.474492,0.261808,0.0201676,2.32822,0
14,2,1,8.49925,0.114945,0.0446922,-0.436863,0.261962,0.0479534,2.05548,0
15,2,1,8.8321,-0.241593,0.0502502,-0.52543,0.2559,0.05827,2.0003,0
16,2,1,9.323,-0.647987,0.0665245,-1.1295,0.249572,0.0660017,2.21459,0
17,2,1,10.5674,-0.878362,0.00744471,-3.37496,0.248172,0.0230449,1.93548,0
18,2,1,9.20384,-1.9297,0.0281174,-2.20431,0.240917,0.114637,1.89606,0
19,2,1,8.83466,-1.2251,-0.00762103,-1.40728,0.240416,0.105016,1.85817,0
20,2,1,8.84501,-0.692815,-0.02685,-0.570702,0.2425,0.0758174,1.86954,0
21,2,1,9.00631,-0.42167,-0.0300147,0.078294,0.241904,0.107421,1.86771,0
22,2,1,9.20457,-0.28336,-0.0308322,0.452961,0.240826,0.128691,1.87135,0
23,2,1,9.40503,-0.222047,-0.0283273,0.593487,0.239195,0.112708,2.12226,0
0,3,1,9.99721,1.55617,0.00823715,128.679,0.247563,0.0223436,2.53312,0
1,3,1,6.87744,11.3158,-0.0387305,131.767,0.251213,0.0183217,3.04471,0
2,3,1,5.15623,4.20078,0.0284576,145.26,0.271453,0.00896519,3.34703,0
3,3,1,1.23875,2.69214,-0.101402,152.283,0.273345,0.00726953,4.57267,0
4,3,1,,,,,,,,1
5,3,1,,,,,,,,1
6,3,1,,,,,,,,1
7,3,1,-6.96578,-1.54957,1.13795,-40.1043,0.287675,0.00322114,5.32533,0
8,3,1,-2.73368,-4.51419,0.757279,-34.0747,0.265183,0.015171,3.24291,0
9,3,1,6.06155,-5.77403,0.154801,-26.3893,0.253411,0.0199462,2.32049,0
10,3,1,4.05893,-3.21562,0.102322,-20.3896,0.281015,0.0137711,3.0813,0
11,3,1,5.731,-2.08089,-0.055536,-14.3525,0.29748,0.016948,3.30548,0
12,3,1,7.73108,-0.955441,-0.116954,-5.88419,0.286911,0.0348384,2.59701,0
13,3,1,8.14676,-0.862325,-0.057719,-3.61524,0.270657,0.0562376,2.30937,0
14,3,1,8.92539,-1.21862,-0.0291105,-2.286,0.267178,0.0501778,2.1379,0
15,3,1,9.50266,-1.39582,-0.0243364,-1.58356,0.257651,0.0586353,2.04453,0
16,3,1,9.63501,-1.31368,-0.0129473,-1.4711,0.2492,0.089499,2.20084,0
17,3,1,9.91021,-1.43736,-0.0262571,-1.6959,0.245443,0.0950326,2.09737,0
18,3,1,9.79812,-1.54445,-0.0347019,-1.81898,0.245726,0.0687365,1.97158,0
19,3,1,9.52995,-1.28381,-0.0410172,-1.41861,0.246862,0.0674519,1.92968,0
20,3,1,9.44819,-1.00078,-0.0429194,-0.870871,0.246295,0.0795355,1.9107,0
21,3,1,9.47429,-0.767074,-0.0434104,-0.377432,0.244343,0.0966126,1.8944,0
22,3,1,9.55717,-0.61299,-0.0409003,-0.0354158,0.242235,0.120293,1.89186,0
23,3,1,9.66611,-0.525902,-0.0357491,0.143226,0.240147,0.12046,1.99359,0
0,4,1,10.0144,2.30413,-0.0074663,106.865,0.260227,0.0159833,2.88312,0
1,4,1,8.13653,8.6259,-0.030487,115.081,0.252634,0.00770727,2.39822,0
2,4,1,7.54841,11.2746,0.0420169,118.452,0.246824,0.0163143,2.18068,0
3,4,1,3.14057,10.0453,0.110676,130.747,0.248885,0.00340596,2.68492,0
4,4,1,,,,,,,,1
5,4,1,,,,,,,,1
6,4,1,,,,,,,,1
7,4,1,1.8072,-1.59447,-0.529445,-72.9193,0.320985,0.00283894,14.5233,0
8,4,1,6.08489,-5.83255,0.183739,-47.7527,0.250573,0.00814379,2.50752,0
9,4,1,10.7481,-3.22321,0.0893061,-32.557,0.245375,0.0199896,2.0244,0
10,4,1,7.9152,-1.91933,0.107897,-24.6328,0.262517,0.0150863,2.52527,0
11,4,1,9.31479,-1.53521,0.0214587,-18.6727,0.266263,0.0243278,2.2868,0
12,4,1,10.2075,-1.20683,-0.0565921,-9.67136,0.266152,0.0420272,2.01935,0
13,4,1,10.4622,-1.22901,-0.0397183,-6.84787,0.259376,0.0570916,1.98161,0
14,4,1,10.8068,-1.19641,-0.0132693,-4.95427,0.2504,0.0871856,1.94302,0
15,4,1,10.9766,-1.2014,-0.0233543,-3.60064,0.24408,0.113539,1.92393,0
16,4,1,10.8016,-1.12379,-0.0442896,-2.80075,0.242897,0.0814195,1.92275,0
17,4,1,10.5638,-0.933357,-0.0559883,-2.58438,0.244114,0.0800762,1.90567,0
18,4,1,10.445,-0.952668,-0.068965,-2.43766,0.245262,0.0754433,1.89205,0
19,4,1,10.2137,-0.845036,-0.070176,-2.03369,0.245416,0.0800484,1.89082,0
20,4,1,10.0602,-0.709766,-0.0645127,-1.51257,0.243701,0.100119,1.89185,0
21,4,1,9.99721,-0.597731,-0.0648185,-1.01118,0.241615,0.127605,1.89346,0
22,4,1,9.99019,-0.519948,-0.0629596,-0.613418,0.239933,0.126108,1.9026,0
23,4,1,10.0142,-0.470822,-0.0567439,-0.342383,0.238644,0.124184,1.9217,0
0,5,1,10.079,2.20669,-0.0437375,83.5287,0.259856,0.0169146,2.64713,0
1,5,1,11.245,12.5685,-0.129128,81.5082,0.247888,0.0537391,2.26474,0
2,5,1,10.2546,9.05556,0.132432,84.0357,0.245793,0.0137362,2.0627,0
3,5,1,15.3072,10.6615,0.161032,69.0802,0.242525,0.0205044,2.0675,0
4,5,1,19.3997,1.39543,0.151125,4.58653,0.245148,0.00426253,5.46196,0
5,5,1,19.1493,-0.256406,0.353593,-14.4682,0.248178,0.00928101,2.27237,0
6,5,1,19.4744,-1.43533,0.295852,-28.8223,0.24235,0.00823426,1.93861,0
7,5,1,19.671,-2.04219,0.257475,-37.3427,0.242812,0.00931397,1.96855,0
8,5,1,13.6012,-3.57122,0.118017,-40.5559,0.248734,0.0101578,2.27781,0
9,5,1,10.3378,-3.3141,0.0885406,-34.3228,0.245485,0.0232575,2.1058,0
10,5,1,10.5359,-1.18508,-0.0074297,-26.8003,0.244913,0.0338737,1.95517,0
11,5,1,10.7349,-0.837765,-0.0414174,-21.0797,0.240589,0.130109,1.84914,0
12,5,1,10.8499,-1.00032,-0.0252176,-16.0229,0.246231,0.0557679,1.84787,0
13,5,1,11.1036,-1.20944,-0.0260319,-11.9386,0.244588,0.089285,1.83898,0
14,5,1,11.2021,-1.03857,-0.00527315,-6.75473,0.240607,0.129067,1.8642,0
15,5,1,11.2247,-0.922038,-0.0219216,-5.11466,0.240766,0.106615,1.89372,0
16,5,1,10.9828,-0.686172,-0.0539752,-4.01682,0.241991,0.0920148,1.88262,0
17,5,1,10.7195,-0.507329,-0.0780138,-3.48367,0.241803,0.106247,1.86703,0
18,5,1,10.6478,-0.478734,-0.104552,-3.14769,0.242494,0.0931522,1.86716,0
19,5,1,10.441,-0.462692,-0.106543,-2.65567,0.242798,0.0940767,1.88551,0
20,5,1,10.2779,-0.465596,-0.0921712,-2.06233,0.241988,0.105071,1.94242,0
21,5,1,10.1753,-0.433294,-0.0892126,-1.48341,0.239961,0.123155,1.94845,0
22,5,1,10.1476,-0.417492,-0.0892204,-1.0063,0.238592,0.123083,1.93847,0
23,5,1,10.1399,-0.397898,-0.0804982,-0.65034,0.237775,0.123096,1.93161,0
0,6,1,10.0207,1.6333,-0.0228569,67.2326,0.256539,0.0224552,2.27325,0
1,6,1,11.9072,8.4976,-0.0601915,65.515,0.257306,0.0113233,2.57163,0
2,6,1,14.1824,8.39311,0.0584306,59.4597,0.245235,0.10799,2.2709,0
3,6,1,13.9037,5.75448,0.193946,52.6863,0.24567,0.0111339,2.12444,0
4,6,1,17.1871,2.33553,0.333722,31.0015,0.248511,0.0101448,2.24925,0
5,6,1,20.0399,-3.8029,0.61596,12.7321,0.243986,0.0935554,2.60793,0
6,6,1,19.8062,-2.02095,0.245741,-15.4339,0.243177,0.0175193,1.93049,0
7,6,1,18.1416,-4.16414,0.249366,-36.6063,0.244983,0.00747757,2.1161,0
8,6,1,16.7217,-2.20514,0.0636267,-34.0536,0.246925,0.0122546,2.0914,0
9,6,1,13.0693,-1.86671,-0.0538977,-31.479,0.249406,0.0124324,2.20232,0
10,6,1,10.6072,-0.508122,-0.108528,-26.7065,0.243205,0.0577162,1.94973,0
11,6,1,10.4128,-1.09242,-0.180975,-22.1291,0.241186,0.0752386,1.96964,0
12,6,1,11.8637,-1.11518,-0.113949,-13.2923,0.239928,0.13492,1.77829,0
13,6,1,11.2039,-0.89765,-0.195968,-10.1573,0.242043,0.0646064,1.78707,0
14,6,1,11.1159,-1.0236,-0.0663448,-8.92698,0.241608,0.0843748,1.77899,0
15,6,1,10.3809,-0.570835,-0.125188,-5.75786,0.241022,0.0876834,1.78219,0
16,6,1,10.2378,-0.49946,-0.157071,-4.35781,0.239243,0.134837,1.77432,0
17,6,1,10.2436,-0.34108,-0.207427,-4.02532,0.23924,0.134869,1.77387,0
18,6,1,10.3162,-0.261452,-0.236369,-3.58734,0.239454,0.134503,1.77589,0
19,6,1,9.92754,-0.0129536,-0.437185,-2.92897,0.240395,0.112059,1.78172,0
20,6,1,9.68464,0.0719287,-0.166078,-2.34978,0.24141,0.100014,1.89987,0
21,6,1,9.76668,-0.158129,-0.139658,-1.64475,0.241408,0.106873,1.93055,0
22,6,1,9.83615,-0.218557,-0.119635,-1.09042,0.239609,0.123691,1.93715,0
23,6,1,9.89795,-0.240961,-0.108625,-0.686501,0.238242,0.123347,1.93148,0
0,7,1,10.0559,1.19367,0.00555873,56.3564,0.247043,0.0293487,2.05202,0
1,7,1,11.3838,5.99842,0.0707387,55.0805,0.257719,0.0176444,2.42681,0
2,7,1,13.1985,5.43464,0.161153,51.0034,0.258813,0.0151623,2.65904,0
3,7,1,14.7297,3.46373,0.267934,43.9232,0.258585,0.0157476,2.61431,0
4,7,1,15.9885,-0.661348,0.449391,36.3475,0.254573,0.0168899,2.91726,0
5,7,1,15.074,-2.68897,0.417592,25.0905,0.253185,0.0103503,2.35495,0
6,7,1,17.5252,-3.85276,0.302839,10.4789,0.248932,0.00813287,2.29866,0
7,7,1,19.552,-1.18075,0.118985,-19.5593,0.241879,0.0554138,1.90015,0
8,7,1,16.0984,0.0232342,-0.0414544,-35.2642,0.244352,0.0162285,2.02515,0
9,7,1,15.1664,1.20933,-0.150962,-35.0078,0.244501,0.0139885,2.11086,0
10,7,1,11.2006,-0.682369,-0.337065,-23.0199,0.239741,0.0731344,1.79303,0
11,7,1,11.0879,-1.66008,-0.0993496,-18.1452,0.241394,0.051478,1.81171,0
12,7,1,10.9953,-1.19712,-0.299216,-13.796,0.242135,0.0622872,1.79885,0
13,7,1,10.691,-0.830784,-0.340476,-10.1992,0.243954,0.0565063,1.80415,0
14,7,1,10.4287,-0.307342,-0.289752,-9.23788,0.246551,0.0450368,1.82929,0
15,7,1,10.2506,-0.523158,-0.344352,-5.99891,0.241989,0.0781792,1.78788,0
16,7,1,10.2573,-0.464989,-0.327568,-4.79575,0.240789,0.104093,1.78145,0
17,7,1,10.3645,-0.402969,-0.361993,-4.58076,0.24095,0.0974309,1.78222,0
18,7,1,10.4522,-0.157901,-0.47084,-4.30935,0.241608,0.0604507,1.7943,0
19,7,1,10.3333,0.355243,-0.669909,-3.80775,0.244033,0.0324615,1.85158,0
20,7,1,9.52517,0.0255782,-0.638108,-2.3874,0.24182,0.0914689,1.81844,0
21,7,1,9.42564,-0.0657231,-0.199784,-1.38692,0.245115,0.0743089,1.90286,0
22,7,1,9.72684,-0.188549,-0.16588,-0.802971,0.242207,0.123962,1.90361,0
23,7,1,9.8584,-0.219182,-0.145978,-0.40246,0.239765,0.124922,1.91932,0
0,8,1,10.0636,0.824607,0.0282846,49.537,0.242786,0.04139,1.93335,0
1,8,1,10.8721,4.06504,0.192835,48.6885,0.253476,0.0252242,2.2426,0
2,8,1,11.919,3.53262,0.267818,46.3327,0.257467,0.0229385,2.49997,0
3,8,1,12.4536,2.1747,0.357261,42.9183,0.260763,0.0199191,2.76814,0
4,8,1,11.7655,0.180973,0.449009,40.1904,0.268863,0.0138661,3.58071,0
5,8,1,11.2826,-1.74287,0.553205,38.0117,0.261373,0.00974094,2.59175,0
6,8,1,4.24199,-0.648358,0.457559,52.4441,0.270398,0.0053587,3.6719,0
7,8,1,,,,,,,,1
8,8,1,,,,,,,,1
9,8,1,3.46057,2.10933,0.0362968,-39.0673,0.25298,0.0109183,4.70694,0
10,8,1,7.96724,1.50282,0.0712582,-27.7463,0.264017,0.00696406,3.05344,0
11,8,1,9.39038,-0.928187,3.26787,-15.0006,0.253335,0.00455065,3.44827,0
12,8,1,9.17948,-0.912024,0.0862777,-13.5502,0.244489,0.0267664,3.94597,0
13,8,1,9.2017,-1.26176,-0.0615939,-10.3017,0.246656,0.0233344,4.72129,0
14,8,1,9.74187,-1.3779,-0.231505,-8.39043,0.245275,0.0247402,4.3959,0
15,8,1,10.3163,-0.979852,-0.24641,-6.45213,0.243617,0.0364991,2.83559,0
16,8,1,10.4826,-1.01542,-0.148753,-5.38419,0.241082,0.048369,3.9887,0
17,8,1,10.5765,-0.85805,-0.124015,-4.9985,0.240572,0.0607667,3.57984,0
18,8,1,10.9022,-0.515624,-0.31491,-5.03837,0.24067,0.0395313,1.96617,0
19,8,1,11.4412,1.14555,-2.31709,-6.98926,0.24545,0.00577505,2.22716,0
20,8,1,9.65472,0.375341,-1.0543,-3.19601,0.246063,0.0269857,1.93997,0
21,8,1,8.81238,0.303683,-0.439248,-0.783971,0.254551,0.0439776,2.07785,0
22,8,1,9.41526,0.112413,-0.337311,-0.147387,0.25133,0.0677391,1.98716,0
23,8,1,9.67866,0.0053008,-0.281174,0.210592,0.246036,0.103011,1.95828,0
0,9,1,10.054,0.549227,0.0481168,45.3205,0.240526,0.0610423,1.89597,0
1,9,1,10.5401,2.69279,0.302226,44.7808,0.248245,0.0342542,2.17899,0
2,9,1,11.1183,2.36072,0.356124,43.4452,0.250579,0.0356145,2.40428,0
3,9,1,11.2593,1.73831,0.409118,41.817,0.250659,0.0384943,2.66716,0
4,9,1,10.1792,1.09293,0.45025,41.0749,0.253401,0.0288261,3.13863,0
5,9,1,8.72899,0.579997,0.723501,42.7501,0.25786,0.0115133,2.40134,0
6,9,1,8.74456,4.05846,0.996914,43.2081,0.244793,0.0346251,1.98758,0
7,9,1,1.38081,3.56062,0.854182,62.1947,0.25524,0.00394759,3.38834,0
8,9,1,,,,,,,,1
9,9,1,-2.34995,2.33289,0.252581,-39.0825,0.319769,0.007149,5.38192,0
10,9,1,-3.36389,1.74716,-0.648144,-32.6745,0.268711,0.0113902,3.40484,0
11,9,1,9.12062,-3.05166,5.36099,-14.9859,0.246698,0.00406498,2.79717,0
12,9,1,7.95349,-1.27888,0.16013,-11.5123,0.242631,0.0380108,1.90939,0
13,9,1,8.48526,-1.33757,0.0921084,-9.17073,0.245118,0.0595849,2.0928,0
14,9,1,8.6389,-1.22486,0.0871541,-8.44475,0.245327,0.0698445,2.14907,0
15,9,1,9.41653,-0.854505,-0.0557509,-6.5335,0.244322,0.060325,2.11212,0
16,9,1,10.3549,-0.535213,-0.175816,-5.51614,0.243767,0.0597,2.09078,0
17,9,1,10.5585,-0.463611,-0.212023,-5.79448,0.243357,0.0543817,2.75331,0
18,9,1,11.3049,-0.396801,-0.187655,-6.50754,0.242191,0.0348325,2.9825,0
19,9,1,6.02995,0.538588,-2.56928,-6.78224,0.256435,0.00697507,2.91843,0
20,9,1,9.48762,-0.129145,-0.967569,-2.51597,0.242898,0.0489614,1.88693,0
21,9,1,8.12058,-0.0969942,-0.547094,-0.236181,0.259727,0.0339999,2.20535,0
22,9,1,9.0656,-0.23895,-0.432041,0.494351,0.260145,0.0437224,2.07393,0
23,9,1,9.49773,-0.310196,-0.367288,0.829856,0.255966,0.0599399,2.00121,0
0,10,1,10.0413,0.327771,0.056925,42.7606,0.239118,0.098853,1.92744,0
1,10,1,10.3553,1.63592,0.37457,42.399,0.245006,0.0413632,2.28556,0
2,10,1,10.7791,1.41598,0.415244,41.5513,0.248022,0.0394072,2.52192,0
3,10,1,11.041,1.16722,0.457789,40.4435,0.247973,0.0460355,2.7962,0
4,10,1,10.8716,1.63066,0.499293,39.5324,0.248177,0.0407231,2.9137,0
5,10,1,10.125,2.68919,0.831048,38.1209,0.249279,0.019761,2.02149,0
6,10,1,10.9469,4.42062,0.943853,33.6364,0.249149,0.0100295,2.22206,0
7,10,1,11.0346,6.42431,0.95177,33.0507,0.250717,0.00925103,2.3409,0
8,10,1,1.23923,6.34,0.551977,52.728,0.27328,0.000181909,213.756,0
9,10,1,10.0861,-5.37397,0.323364,-42.954,0.258855,0.00352142,8.92544,0
10,10,1,5.97888,-4.502,0.902634,-25.6932,0.254046,0.00890895,2.63739,0
11,10,1,2.60953,-2.8289,6.70611,-5.38115,0.244325,0.00670449,4.80095,0
12,10,1,11.1319,-1.82087,0.366781,-19.6068,0.242551,0.0169497,2.11335,0
13,10,1,10.7796,-1.43948,0.176885,-12.507,0.247605,0.0355917,1.99322,0
14,10,1,10.4288,-1.27702,0.132199,-10.1142,0.251832,0.0381422,2.1207,0
15,10,1,10.3086,-1.16908,0.147399,-9.21516,0.249582,0.043157,2.11125,0
16,10,1,10.8636,-0.755918,-0.0251276,-7.33741,0.244446,0.0641172,2.55699,0
17,10,1,10.8067,-0.569013,-0.180108,-6.73745,0.243696,0.0550003,3.05185,0
18,10,1,13.5128,-0.270857,-0.133383,-11.4275,0.242814,0.0174072,13.949,0
19,10,1,4.98024,-0.157099,-2.94138,-13.794,0.26086,0.00559117,4.07872,0
20,10,1,9.46681,-0.337985,-1.06749,-2.65607,0.24338,0.0381043,1.86339,0
21,10,1,8.01409,-0.355977,-0.597547,0.00820017,0.259458,0.0303879,2.14602,0
22,10,1,9.13997,-0.468945,-0.496743,0.888024,0.259949,0.0382985,2.05723,0
23,10,1,9.63271,-0.527122,-0.410842,1.23969,0.257168,0.0510174,1.99175,0
0,11,1,10.028,0.154481,0.0565414,41.4457,0.238277,0.117251,2.03219,0
1,11,1,10.2044,0.720183,0.390191,41.2287,0.24221,0.0496564,2.6458,0
2,11,1,10.5622,0.278775,0.421404,40.7423,0.246932,0.0350886,2.72336,0
3,11,1,11.2426,0.0187968,0.456034,39.7009,0.247,0.0345638,2.96128,0
4,11,1,12.191,-0.274602,0.437058,36.7688,0.246186,0.025634,2.16847,0
5,11,1,12.3057,3.33917,1.58563,32.9295,0.243997,0.0427031,1.94217,0
6,11,1,12.8624,2.77116,0.711824,30.4452,0.245048,0.017556,2.20047,0
7,11,1,14.0718,5.37589,0.52626,23.2556,0.249322,0.00770551,2.31272,0
8,11,1,15.8868,2.25298,0.268517,-11.654,0.246021,0.00893439,2.14028,0
9,11,1,13.4996,-4.50136,0.361912,-23.7495,0.242679,0.010309,2.17473,0
10,11,1,9.45546,-2.88443,0.85197,-14.4261,0.252816,0.0108933,2.45044,0
11,11,1,12.2569,-1.21815,2.07103,-14.6533,0.244724,0.0094896,2.19327,0
12,11,1,11.5088,-1.35651,0.550455,-15.3771,0.240937,0.0343994,1.83121,0
13,11,1,10.901,-1.42455,0.171019,-12.0123,0.24512,0.0444177,1.97195,0
14,11,1,10.8012,-1.19703,0.103227,-10.4096,0.245773,0.0533821,2.09937,0
15,11,1,10.7404,-1.14116,0.110975,-9.68293,0.246368,0.0479469,2.11361,0
16,11,1,10.8568,-0.962048,0.0102865,-8.3457,0.245868,0.0641278,2.2234,0
17,11,1,11.2035,-0.665947,-0.159749,-7.15203,0.242356,0.0674787,2.96551,0
18,11,1,11.7724,-0.517648,-0.125606,-7.76404,0.241383,0.0406113,3.46665,0
19,11,1,4.43376,-0.477145,-4.86148,-21.7802,0.247961,0.00395034,5.54621,0
20,11,1,9.29949,-0.575443,-1.02144,-2.32505,0.246919,0.030308,1.96295,0
21,11,1,7.75503,-0.662225,-0.572707,0.282392,0.263624,0.027582,2.21016,0
22,11,1,8.95544,-0.827868,-0.462376,1.30009,0.267523,0.0313737,2.15849,0
23,11,1,9.87573,-1.02718,-0.569787,1.66236,0.242855,0.0707111,1.83514,0
0,12,1,10.0051,0.0429273,0.0571884,41.0595,0.237992,0.111538,2.13374,0
1,12,1,9.77658,0.155462,0.400423,41.1314,0.241454,0.0524285,3.00626,0
2,12,1,8.79283,-0.356086,0.538807,42.3927,0.24925,0.0238385,2.02795,0
3,12,1,10.0371,-2.44966,0.584011,42.4448,0.25123,0.0128918,2.26252,0
4,12,1,13.1643,-0.303504,0.380743,29.7056,0.241668,0.0132511,5.71661,0
5,12,1,11.9888,-0.161135,0.30467,27.2405,0.241637,0.0261565,1.95024,0
6,12,1,14.4619,1.0523,0.65862,20.8418,0.250985,0.0101639,2.31517,0
7,12,1,17.5346,4.10154,0.0507277,6.79016,0.246197,0.010179,2.619,0
8,12,1,13.9973,3.52984,0.201909,-11.5717,0.246941,0.00699563,2.27944,0
9,12,1,13.0638,-0.171426,0.387443,-11.0768,0.252531,0.0118147,2.35297,0
10,12,1,10.9065,-3.68176,0.846293,-10.3634,0.244795,0.0374801,2.03059,0
11,12,1,10.9568,0.451034,6.07766,-0.751361,0.248156,0.00328019,3.1957,0
12,12,1,11.6449,-0.454641,0.511546,-11.6473,0.241845,0.0243027,2.02831,0
13,12,1,11.083,-1.31744,0.285357,-10.0587,0.243668,0.0478071,1.956,0
14,12,1,10.8268,-1.25212,0.40647,-9.85149,0.242407,0.069517,2.00028,0
15,12,1,11.2709,-1.04517,-0.0566663,-8.34544,0.246437,0.0457939,2.20928,0
16,12,1,11.5178,-0.919617,-0.198067,-7.70605,0.242511,0.106649,2.27392,0
17,12,1,11.5114,-0.58652,-0.180774,-6.80455,0.240803,0.0866423,2.67768,0
18,12,1,11.8282,-0.422607,-0.143193,-7.55499,0.240162,0.0466699,3.21859,0
19,12,1,4.43291,-0.586241,-4.85647,-21.5447,0.248322,0.00389398,5.44649,0
20,12,1,9.1787,-0.661387,-0.946546,-1.77632,0.248346,0.0299005,1.97187,0
21,12,1,9.23071,-1.07611,-0.279514,1.70897,0.246389,0.0353901,1.85355,0
22,12,1,9.67075,-1.44305,-0.213145,1.86659,0.245544,0.0337319,1.8669,0
23,12,1,9.79013,-2.46951,-0.465707,3.64034,0.246564,0.0236964,2.01331,0
0,13,1,10.015,-0.0193924,0.0180583,41.1724,0.237828,0.110929,2.14398,0
1,13,1,9.24018,0.0409167,0.461511,41.4059,0.244396,0.0438501,3.02861,0
2,13,1,8.54774,0.150971,0.409754,43.1787,0.251778,0.0164897,2.71399,0
3,13,1,4.82287,0.307165,0.51668,51.0209,0.264704,0.00556954,3.38571,0
4,13,1,,,,,,,,1
5,13,1,,,,,,,,1
6,13,1,,,,,,,,1
7,13,1,-1.57032,-0.111803,0.0599738,-20.8715,0.287074,0.00479013,12.6997,0
8,13,1,6.99207,4.34859,0.318356,-10.8673,0.263238,0.00578915,4.21003,0
9,13,1,8.83873,-0.736599,0.392934,-2.83216,0.265335,0.0170158,2.67515,0
10,13,1,9.88662,-2.01093,0.928644,-1.423,0.24532,0.0717019,1.92353,0
11,13,1,3.6832,3.35464,5.9967,12.3107,0.251646,0.00262479,5.2332,0
12,13,1,12.2633,0.286212,0.418907,-4.81566,0.243685,0.0175616,2.18124,0
13,13,1,11.3568,-0.726005,0.100905,-5.71081,0.241163,0.0583737,2.14871,0
14,13,1,11.3455,-0.8203,0.091668,-5.87116,0.241373,0.0380307,2.11632,0
15,13,1,11.5203,-1.54576,0.23659,-4.80311,0.2416,0.02609,2.03304,0
16,13,1,11.7093,-0.382089,0.0686925,-6.73887,0.241347,0.0367496,2.07618,0
17,13,1,11.4564,-0.120486,-0.0803148,-6.98236,0.24138,0.047089,2.44969,0
18,13,1,11.6643,-0.168763,-0.195455,-7.63987,0.241474,0.0310368,2.37276,0
19,13,1,9.15704,-0.65517,-2.31828,-6.388,0.250433,0.00956673,2.60551,0
20,13,1,9.16415,-0.633332,-1.40011,-3.32116,0.247578,0.0213466,2.04014,0
21,13,1,8.03172,-0.997621,-0.297381,3.63836,0.249181,0.026945,1.93265,0
22,13,1,5.68517,-2.42543,-0.225368,9.21302,0.258918,0.00954442,2.62948,0
23,13,1,6.16839,-5.43252,-0.577078,13.887,0.250992,0.0023371,3.13781,0
0,14,1,10.1986,-0.843404,0.127204,44.2256,0.244724,0.0249752,2.16611,0
1,14,1,12.7733,-1.72366,0.733193,40.7031,0.254243,0.016084,2.8894,0
2,14,1,10.0841,1.29508,0.611585,40.0092,0.256346,0.0143303,2.28828,0
3,14,1,13.2872,4.02663,0.479264,31.3598,0.246644,0.020914,2.14603,0
4,14,1,14.7739,0.238027,0.364965,6.46332,0.240918,0.0706641,1.817,0
5,14,1,14.3785,0.197697,0.22899,-0.24858,0.240089,0.106445,1.78265,0
6,14,1,14.1687,0.192246,0.159844,-4.37076,0.240682,0.0498779,1.79587,0
7,14,1,14.8837,-0.180266,0.0952802,-9.50848,0.239464,0.108802,2.20091,0
8,14,1,11.3955,-2.31416,0.00682876,-11.6694,0.24408,0.00998319,2.14052,0
9,14,1,10.1857,-1.64174,0.265032,-1.65639,0.243749,0.093047,1.89995,0
10,14,1,11.2258,-0.703715,0.723265,0.202849,0.24987,0.0313487,1.96384,0
11,14,1,11.431,0.806405,0.869436,2.03978,0.251242,0.0137899,2.36141,0
12,14,1,12.8704,0.156532,0.296589,-3.35262,0.240128,0.133781,1.79494,0
13,14,1,12.5061,0.253683,0.18111,-4.79688,0.241337,0.0459879,1.80528,0
14,14,1,11.4558,0.252987,0.405395,-4.02277,0.242026,0.0244029,1.84507,0
15,14,1,11.0694,1.02317,1.19041,-3.51946,0.251351,0.0124979,2.20349,0
16,14,1,11.5639,0.307414,3.43287,-3.83774,0.24713,0.00573609,3.3815,0
17,14,1,11.4803,0.839362,0.419904,-6.71612,0.241889,0.0314786,1.87917,0
18,14,1,11.2484,0.312921,-0.0074518,-7.04724,0.241432,0.037222,2.48721,0
19,14,1,12.2969,-0.758984,-2.36982,-9.92662,0.242548,0.00660292,4.69896,0
20,14,1,7.83184,-1.08625,-1.5358,-3.38514,0.254221,0.0119336,2.39955,0
21,14,1,7.58328,0.353584,-0.263755,4.09508,0.248581,0.0236451,1.96665,0
22,14,1,3.4265,1.43719,-0.188636,10.6963,0.261951,0.0114537,2.92586,0
23,14,1,-0.208553,-0.323397,-0.660924,18.648,0.212802,0.00925196,20.2068,0
0,15,1,10.069,-1.20192,0.260346,49.6697,0.247049,0.0130958,2.11311,0
1,15,1,12.9925,-3.81756,1.31382,44.1029,0.249138,0.00701193,2.3696,0
2,15,1,14.422,0.192039,0.964461,32.4507,0.251085,0.0118976,2.28668,0
3,15,1,14.6051,1.25874,0.659536,27.4533,0.249176,0.0206204,2.15953,0
4,15,1,14.5654,0.412753,0.412164,6.73365,0.241045,0.0721681,1.80014,0
5,15,1,14.2598,0.279874,0.269824,0.199102,0.240335,0.113624,1.78117,0
6,15,1,14.1888,0.288209,0.208385,-2.11543,0.240197,0.0992975,1.78171,0
7,15,1,14.0153,-0.199256,0.121676,-5.45642,0.240822,0.0395818,1.81356,0
8,15,1,11.5009,-0.761442,0.173303,-3.64769,0.244585,0.0260934,1.9492,0
9,15,1,10.1506,-2.43957,0.288602,1.03305,0.244721,0.0406294,1.98692,0
10,15,1,11.8238,-1.06098,0.41438,1.03022,0.245954,0.0257942,2.0795,0
11,15,1,12.8322,-0.518407,0.348039,-0.812436,0.243757,0.0332518,1.96715,0
12,15,1,12.9028,-0.156324,0.27681,-2.80074,0.241197,0.106129,1.87732,0
13,15,1,12.5016,0.893153,0.0700744,-8.49268,0.239596,0.0543672,1.78404,0
14,15,1,11.9347,1.50802,0.149784,-6.20342,0.243065,0.0266973,1.88597,0
15,15,1,11.0603,2.15739,0.407714,-4.46256,0.245609,0.0270464,1.9515,0
16,15,1,11.0592,2.62045,0.565616,-3.85194,0.245456,0.0221357,2.03069,0
17,15,1,11.0958,0.55011,-0.0329567,-5.83328,0.241087,0.0564428,1.79569,0
18,15,1,10.9652,0.192627,-0.203644,-4.94313,0.241078,0.0716131,1.79258,0
19,15,1,10.3491,-1.72542,-0.519355,-5.42319,0.241952,0.0210727,1.9222,0
20,15,1,9.77101,-0.299199,-0.491102,-1.77457,0.244577,0.031963,1.895,0
21,15,1,8.93841,0.871096,-0.0580786,0.832967,0.251681,0.0378626,1.96832,0
22,15,1,8.53913,1.88021,-0.0863938,2.72269,0.247218,0.0497901,2.29959,0
23,15,1,10.3198,2.1831,-0.0705952,3.27672,0.245092,0.0114177,2.55102,0
0,16,1,10.0415,-2.45338,0.489966,76.2573,0.248558,0.00634107,2.41138,0
1,16,1,13.5332,-8.04207,1.38637,64.7255,0.244503,0.00631842,2.14778,0
2,16,1,14.7933,-1.21796,1.24822,23.5303,0.241765,0.0168895,1.91732,0
3,16,1,14.3233,0.584213,0.893237,15.8726,0.24871,0.0141294,2.20664,0
4,16,1,14.6488,0.117213,0.857918,4.95627,0.251037,0.0192133,2.16994,0
5,16,1,14.8812,0.208494,0.542842,-1.33243,0.248177,0.0374989,2.59045,0
6,16,1,14.0801,-0.0281978,0.343599,-6.53665,0.241262,0.0382181,1.80698,0
7,16,1,14.809,1.94354,-0.0713225,-9.79279,0.242415,0.00879945,1.98874,0
8,16,1,9.32318,0.976607,0.164901,1.66682,0.257483,0.0102881,2.57123,0
9,16,1,6.64757,-2.47066,0.399234,4.91329,0.263269,0.0175322,2.6845,0
10,16,1,7.42388,-2.64339,0.105872,11.3834,0.254297,0.00872128,2.6023,0
11,16,1,13.0553,-0.860265,0.0929594,-7.8871,0.242208,0.0332535,2.04573,0
12,16,1,10.2467,0.018379,0.123724,-16.4342,0.241464,0.0213217,2.83245,0
13,16,1,13.0044,0.0220094,0.149253,-19.2256,0.248341,0.00731482,4.82989,0
14,16,1,4.80652,2.4053,-0.504057,-21.5338,0.255352,0.00982624,6.3677,0
15,16,1,8.46129,2.8345,-0.00147764,-14.1047,0.249766,0.00962675,3.38717,0
16,16,1,10.5918,1.71876,-0.189349,-7.74155,0.243246,0.034141,2.14471,0
17,16,1,11.1022,0.632867,-0.205621,-5.1645,0.241118,0.0885487,1.79317,0
18,16,1,10.9881,0.449211,-0.0917615,-4.62014,0.243613,0.0445087,1.80428,0
19,16,1,10.5952,0.376261,-0.317583,-3.40098,0.243832,0.0423418,1.82585,0
20,16,1,9.69261,1.5287,-0.0887599,-0.814563,0.247318,0.0369257,1.92202,0
21,16,1,9.33108,1.51876,-0.0604943,0.628172,0.242944,0.119502,1.86181,0
22,16,1,9.08182,1.60962,-0.0302407,1.91323,0.241076,0.117203,2.05692,0
23,16,1,9.88737,0.951641,0.441684,2.99477,0.244819,0.0239063,1.93444,0
0,17,1,10.0422,-1.83171,0.71641,122.605,0.248317,0.00821219,2.29352,0
1,17,1,5.52794,-8.63433,2.93318,127.209,0.246489,0.00438993,2.42708,0
2,17,1,,,,,,,,1
3,17,1,,,,,,,,1
4,17,1,,,,,,,,1
5,17,1,,,,,,,,1
6,17,1,,,,,,,,1
7,17,1,8.9105,3.42579,0.239258,-7.04381,0.257587,0.00695511,3.20695,0
8,17,1,4.12138,1.42444,0.158257,5.85648,0.295763,0.0183081,3.43078,0
9,17,1,1.85897,-1.03505,0.645743,9.25631,0.318907,0.0150099,4.24332,0
10,17,1,1.06453,-0.171777,0.00172036,14.1071,0.289051,0.0202404,4.67453,0
11,17,1,1.70933,0.0297409,0.00865334,23.1797,0.272592,0.00713947,4.09547,0
12,17,1,,,,,,,,1
13,17,1,,,,,,,,1
14,17,1,-1.21226,-5.89278,1.32289,-13.9734,0.283279,0.0067518,4.14457,0
15,17,1,3.35516,0.19603,-0.370416,-10.0027,0.306623,0.00669953,4.9277,0
16,17,1,4.79214,-0.500674,-1.46502,-4.10743,0.247077,0.016825,2.13828,0
17,17,1,8.1384,1.05007,-1.03178,-2.65795,0.26018,0.0209967,2.2527,0
18,17,1,9.21565,1.13171,-0.860822,-2.26446,0.254095,0.0241337,1.991,0
19,17,1,10.1122,1.74233,-0.731211,-2.54515,0.241666,0.0671768,1.81835,0
20,17,1,8.87252,2.05587,-0.334514,-1.16731,0.244665,0.027288,1.95768,0
21,17,1,8.45535,1.6028,0.0160546,0.690228,0.248965,0.0374247,1.92637,0
22,17,1,8.54685,1.29544,0.0386156,1.81319,0.245014,0.0672016,2.08432,0
23,17,1,9.16264,0.939339,0.400467,2.10061,0.243282,0.067268,1.8243,0
0,18,1,10.0983,-0.516698,0.956117,144.699,0.24138,0.0166699,2.02674,0
1,18,1,3.7748,-4.00865,4.05284,151.203,0.2504,0.00432229,2.57177,0
2,18,1,0.151535,-0.719181,3.35455,167.905,0.276747,0.00722047,9.53741,0
3,18,1,,,,,,,,1
4,18,1,,,,,,,,1
5,18,1,-0.448422,-0.331744,4.77219,-4.65948,0.260485,0.00700122,10.3129,0
6,18,1,1.01189,-0.634921,0.956389,-3.41902,0.291863,0.00652738,4.94163,0
7,18,1,-0.299952,-0.891787,0.460868,-4.2026,0.285906,0.00725453,5.43445,0
8,18,1,3.88913,-0.384278,-1.50254,6.1994,0.278627,0.0152865,2.96865,0
9,18,1,-0.315236,-1.04077,0.530787,11.4818,0.318906,0.0278104,4.05053,0
10,18,1,-1.53625,-0.446911,-0.0727903,15.439,0.249522,0.0335058,2.75496,0
11,18,1,-0.977319,1.80341,-1.16679,21.1599,0.251493,0.0125404,6.06332,0
12,18,1,,,,,,,,1
13,18,1,,,,,,,,1
14,18,1,-1.50304,-5.13203,2.89238,-8.90848,0.2754,0.00784621,3.98012,0
15,18,1,3.00081,-2.0958,-2.6269,-4.38892,0.246752,0.0158826,2.24022,0
16,18,1,-1.95761,-1.02481,-3.1208,1.63183,0.271961,0.00686381,8.94201,0
17,18,1,6.44017,0.0231569,-1.13262,-3.64203,0.256513,0.0173748,3.63669,0
18,18,1,10.293,0.414714,-0.321481,-5.0817,0.249732,0.00777561,5.19245,0
19,18,1,10.7857,0.531933,-0.425554,-6.10699,0.246068,0.00852195,7.55905,0
20,18,1,7.6643,3.66211,-0.263312,-4.15175,0.250859,0.0100062,2.40277,0
21,18,1,7.04885,2.58284,0.0890493,0.976799,0.256628,0.0306918,2.23961,0
22,18,1,7.89917,2.04995,0.0582935,2.33597,0.265722,0.0283507,2.39971,0
23,18,1,8.74757,1.5614,0.541116,2.80918,0.257732,0.0349092,2.00224,0
0,19,1,10.0516,-0.0908336,1.16089,151.26,0.242301,0.015002,2.07889,0
1,19,1,4.97203,-0.633168,4.32163,157.877,0.252458,0.0066166,2.51511,0
2,19,1,0.93839,-0.733138,3.24404,167.936,0.263054,0.00798852,3.27567,0
3,19,1,,,,,,,,1
4,19,1,,,,,,,,1
5,19,1,-0.772375,-1.21624,2.89602,-4.72735,0.272043,0.00689646,3.65394,0
6,19,1,1.23267,-1.19122,0.715685,-7.71875,0.267579,0.00755921,3.27978,0
7,19,1,4.87256,-1.46879,-1.56541,-2.89548,0.257849,0.0128049,2.5238,0
8,19,1,4.4106,0.206918,-1.76293,5.59634,0.264485,0.0183342,2.51029,0
9,19,1,4.52171,-0.459562,-1.33053,10.8689,0.267368,0.0125684,2.7159,0
10,19,1,-0.768428,2.16309,0.0105604,15.0167,0.276286,0.0218486,3.46807,0
11,19,1,-0.538742,1.34432,-0.918296,20.1098,0.243042,0.0177406,6.20524,0
12,19,1,,,,,,,,1
13,19,1,,,,,,,,1
14,19,1,-1.14,-2.01246,1.87795,-6.96333,0.296668,0.0105157,3.90009,0
15,19,1,-2.26579,-1.89911,-1.70568,-1.69985,0.269708,0.0160774,2.85347,0
16,19,1,-1.4271,-1.47797,-3.1435,2.01627,0.256672,0.0102049,2.65868,0
17,19,1,,,,,,,,1
18,19,1,,,,,,,,1
19,19,1,-2.64949,-3.19981,0.11811,-11.3931,0.236564,0.012197,19.3953,0
20,19,1,0.731064,-0.435333,-0.475772,-4.40548,0.272912,0.0107328,4.02427,0
21,19,1,4.62213,-0.238451,0.0244196,0.150228,0.265841,0.0309839,2.58483,0
22,19,1,5.64989,-0.101103,-0.0265489,1.73475,0.265008,0.0368714,2.47945,0
23,19,1,6.59523,-0.0333735,0.397215,2.5856,0.261553,0.0363272,2.05656,0
0,20,1,9.99275,-0.00286871,1.23214,151.576,0.24319,0.0140676,2.12222,0
1,20,1,4.0495,-0.39717,8.35317,158.258,0.258261,0.0056969,3.06459,0
2,20,1,0.868074,-1.97733,1.76384,169.939,0.264569,0.00795912,3.48058,0
3,20,1,,,,,,,,1
4,20,1,,,,,,,,1
5,20,1,1.20234,-4.26613,-0.792364,-14.8955,0.252536,0.0057848,3.08572,0
6,20,1,1.81054,-4.09359,-1.63215,-15.4312,0.253731,0.00655159,3.32293,0
7,20,1,4.14434,-1.64219,-2.41788,-7.72794,0.24966,0.0106565,2.24443,0
8,20,1,6.22589,0.400069,-1.74633,2.92162,0.246681,0.0157571,2.06358,0
9,20,1,3.46264,3.44262,-0.312207,9.17299,0.251415,0.0203217,2.33985,0
10,20,1,3.87248,3.36352,-0.403532,11.0571,0.255198,0.0188206,2.44658,0
11,20,1,0.214078,2.42039,-0.384718,18.5634,0.236934,0.0283099,3.52688,0
12,20,1,,,,,,,,1
13,20,1,,,,,,,,1
14,20,1,-1.1664,0.542509,0.744588,-7.46235,0.310738,0.0125206,4.72938,0
15,20,1,1.95742,-0.856638,-1.9054,0.987929,0.277414,0.0114713,3.43495,0
16,20,1,-0.463593,-1.31315,-1.99639,1.75488,0.272926,0.0148557,3.43812,0
17,20,1,3.64138,6.30531,-1.24627,7.38819,0.245621,0.00683041,2.47483,0
18,20,1,6.97149,-2.96838,-0.293909,-27.0271,0.25492,0.00244898,4.16023,0
19,20,1,3.01107,-4.7442,-0.265045,-26.2243,0.239495,0.00829255,12.7949,0
20,20,1,5.06343,-2.27966,-0.28123,-8.52499,0.259025,0.00891823,2.70875,0
21,20,1,6.64438,-0.531219,-0.0030302,-2.1259,0.260143,0.0280592,2.28179,0
22,20,1,7.87371,-0.404567,-0.0771764,-0.459014,0.258257,0.0330929,2.47513,0
23,20,1,8.65726,-0.500635,0.104092,0.525678,0.255909,0.0439771,1.97531,0
0,21,1,9.9702,0.232413,-0.00901866,24.9826,0.24047,0.0334676,1.80885,0
1,21,1,8.9027,2.1867,0.0672884,26.5799,0.247537,0.00578936,3.16997,0
2,21,1,9.1489,1.24673,0.154854,22.1284,0.242798,0.0153668,2.47941,0
3,21,1,10.9863,0.550076,0.126661,9.62583,0.294333,0.00385704,76.3107,0
4,21,1,10.9114,0.541314,0.0048245,9.97599,0.344916,0.00453074,76.1281,0
5,21,1,1.46673,-6.43353,-0.652005,13.1155,0.252031,0.00262734,3.44591,0
6,21,1,3.83888,-5.14242,-0.607329,17.8639,0.246851,0.0012812,64.0802,0
7,21,1,,,,,,,,1
8,21,1,,,,,,,,1
9,21,1,0.839927,3.25239,0.53956,3.36922,0.300449,0.00732582,4.34854,0
10,21,1,1.7866,4.68508,0.169632,11.9198,0.244629,0.0639401,2.0924,0
11,21,1,1.0617,3.01675,0.0243301,16.8829,0.238833,0.0250163,2.50197,0
12,21,1,9.99601,-0.202086,-0.063561,-7.55267,0.248667,0.0172896,2.176,0
13,21,1,11.5237,-0.0541899,-0.077226,-11.3159,0.243767,0.0198239,2.55923,0
14,21,1,3.23709,-1.87797,-0.253209,-15.2043,0.249773,0.0107619,4.69137,0
15,21,1,4.94024,-1.00107,-1.2733,-0.606507,0.270631,0.00933886,3.14741,0
16,21,1,9.57257,1.40198,-0.714754,-0.91955,0.252413,0.0116377,2.50737,0
17,21,1,10.6473,-0.0270086,-0.474347,-3.68667,0.245313,0.0105072,2.1953,0
18,21,1,10.9403,-5.02181,-0.398558,-12.9016,0.244583,0.0204375,2.00505,0
19,21,1,8.07047,-4.70286,-0.40768,-15.3884,0.242245,0.0177857,1.9841,0
20,21,1,7.85311,-2.16724,-0.0191896,-6.04519,0.250229,0.0261892,2.12098,0
21,21,1,8.65769,-0.493496,-0.0883363,-3.38797,0.257302,0.0275591,2.08624,0
22,21,1,9.23318,-0.0397633,-0.102357,-1.84975,0.251656,0.0474168,2.21848,0
23,21,1,9.43821,0.251152,-0.133826,-0.915118,0.243482,0.0894722,2.72131,0
0,22,1,9.9892,0.316289,0.0144317,23.514,0.240411,0.0460451,1.80727,0
1,22,1,10.2308,3.06803,0.280493,22.6401,0.242787,0.0624202,2.011,0
2,22,1,11.0584,1.61769,0.168709,16.7712,0.245098,0.0331629,1.8376,0
3,22,1,11.7228,0.691194,0.119553,11.2082,0.243749,0.0106106,3.62732,0
4,22,1,10.8315,0.432372,0.013356,10.3987,0.241588,0.0712518,2.13274,0
5,22,1,10.8725,1.38999,-0.0680022,11.9514,0.248665,0.0238839,1.8991,0
6,22,1,12.0172,1.77522,-0.0717812,9.73425,0.247323,0.0126026,2.31393,0
7,22,1,12.7978,-0.0426262,0.0404254,2.39924,0.244888,0.037908,2.01019,0
8,22,1,13.7063,-2.54414,0.0618388,-6.57268,0.242415,0.00813586,2.55628,0
9,22,1,0.919073,0.0164137,1.04352,-1.08443,0.307481,0.00587768,6.75311,0
10,22,1,9.65746,0.188021,0.387796,2.23169,0.256064,0.010622,2.54776,0
11,22,1,10.1372,1.4337,0.0548699,-2.21828,0.247397,0.0101532,2.33163,0
12,22,1,11.1155,-0.232107,-0.000265931,-4.51673,0.244211,0.0371133,1.8909,0
13,22,1,11.454,-1.20679,0.0608403,-6.00236,0.240829,0.0342036,1.8188,0
14,22,1,11.6398,-1.59046,-0.0662102,-6.77229,0.239896,0.0711605,1.80221,0
15,22,1,10.1773,-0.915459,-0.273464,-5.11773,0.244051,0.0258173,1.93748,0
16,22,1,10.9951,0.277693,-0.304557,-4.51585,0.243409,0.032535,1.85929,0
17,22,1,12.2275,0.349273,-0.358546,-5.92185,0.242688,0.0273241,1.93198,0
18,22,1,11.7325,-2.35713,-0.487537,-9.30217,0.24832,0.0128896,2.13266,0
19,22,1,10.257,-2.46338,-0.0751006,-6.83025,0.245577,0.0382102,1.95079,0
20,22,1,9.90833,-1.5607,-0.0958332,-5.15483,0.248665,0.0362291,1.96328,0
21,22,1,9.70669,-0.888794,-0.119988,-3.47317,0.246112,0.0555422,1.89804,0
22,22,1,9.81394,-0.568186,-0.134256,-2.22168,0.24169,0.0918281,1.97677,0
23,22,1,9.92306,-0.413885,-0.131348,-1.32773,0.239816,0.102341,2.34331,0
0,23,1,10.0629,0.37727,0.00637879,19.1067,0.240118,0.0728189,2.05159,0
1,23,1,10.6521,1.22457,0.0576071,17.2794,0.240241,0.0943917,1.89999,0
2,23,1,10.7891,1.14832,0.0637819,15.6746,0.241438,0.0570618,1.82132,0
3,23,1,10.9535,0.839384,0.0856803,14.7717,0.240957,0.0879805,1.80301,0
4,23,1,11.0409,0.699695,0.0123372,12.149,0.239614,0.134729,1.77849,0
5,23,1,11.5517,2.23801,-0.0335776,11.4741,0.249739,0.0183138,2.01378,0
6,23,1,11.7877,0.626197,0.0162071,7.96508,0.241146,0.0625234,1.79821,0
7,23,1,12.4601,0.28182,0.0135933,3.81397,0.240515,0.133612,1.8001,0
8,23,1,12.6441,-0.549156,0.0560335,-0.0872053,0.239674,0.0785273,1.78422,0
9,23,1,12.3066,-0.817029,0.0853664,-0.845145,0.240536,0.040909,1.81008,0
10,23,1,11.0848,-0.0629189,0.0742872,0.169629,0.240945,0.0648019,1.81606,0
11,23,1,11.5234,1.32428,0.0562618,0.588357,0.240666,0.0816126,1.93116,0
12,23,1,12.2194,-0.713461,-0.0303759,-3.04637,0.238535,0.133206,1.79072,0
13,23,1,11.5926,-0.365561,-0.100581,-3.59391,0.239443,0.0891261,1.77911,0
14,23,1,11.5245,-0.723513,-0.136977,-4.38395,0.240621,0.0564351,1.79584,0
15,23,1,11.0735,-0.867552,-0.170466,-4.58602,0.242579,0.0554389,1.85814,0
16,23,1,11.2968,-0.370911,-0.167358,-4.58469,0.24159,0.0969423,1.83752,0
17,23,1,11.4241,-0.813069,-0.122062,-5.12339,0.240442,0.114995,1.82449,0
18,23,1,11.3018,-1.30073,-0.0910172,-5.56416,0.239147,0.131931,1.81266,0
19,23,1,10.8601,-1.19557,-0.073348,-5.36538,0.244577,0.0443622,1.86535,0
20,23,1,10.3712,-0.949689,-0.0782725,-4.47668,0.244728,0.0614668,1.86692,0
21,23,1,10.1338,-0.613625,-0.090285,-3.395,0.243367,0.086054,1.85983,0
22,23,1,10.0661,-0.36966,-0.0948979,-2.40974,0.240461,0.125379,1.91788,0
23,23,1,10.0694,-0.265055,-0.0905331,-1.57815,0.238603,0.109623,2.17658,0
0,0,2,10.0593,0.0440613,-0.00628648,144.337,0.238414,0.134635,1.77081,0
1,0,2,9.74528,0.412766,0.0351565,144.247,0.247514,0.0294158,1.90665,0
2,0,2,10.5885,-0.452394,0.0323481,143.619,0.249191,0.01531,2.1315,0
3,0,2,17.3688,-2.02497,0.0209894,133.04,0.253311,0.00374275,2.9438,0
4,0,2,27.0131,0.895006,0.0384862,35.3877,0.24229,0.00421652,2.1552,0
5,0,2,26.3665,1.24151,0.0282855,-101.429,0.24581,0.0110058,2.18548,0
6,0,2,23.8823,-0.199521,0.0899135,-119.243,0.241488,0.0134728,1.87655,0
7,0,2,23.1077,0.179451,0.0806541,-113.154,0.242256,0.00711387,1.97205,0
8,0,2,11.0211,-0.811431,0.000311085,-45.0033,0.244312,0.0175797,2.26098,0
9,0,2,7.17889,-0.409168,0.116876,-30.9528,0.241502,0.0753998,1.93111,0
10,0,2,8.97955,-0.463429,0.203193,-20.464,0.25781,0.0175775,2.15616,0
11,0,2,6.22136,1.08822,0.143266,3.59361,0.260101,0.00445632,3.15575,0
12,0,2,2.85462,-0.116211,0.112384,12.4436,0.197318,0.00021006,228.969,0
13,0,2,,,,,,,,1
14,0,2,,,,,,,,1
15,0,2,,,,,,,,1
16,0,2,,,,,,,,1
17,0,2,,,,,,,,1
18,0,2,1.93162,0.732795,-0.384208,-10.2943,0.191316,0.00166373,114.992,0
19,0,2,2.56581,-2.50347,-0.379754,-5.94493,0.277485,0.0048252,4.56717,0
20,0,2,7.3781,-1.58989,-0.381267,0.56456,0.256796,0.0167056,2.30184,0
21,0,2,8.7612,-0.89575,-0.313416,1.73492,0.245721,0.076515,1.87275,0
22,0,2,9.15749,-0.791045,-0.24558,2.05433,0.243041,0.124599,1.82098,0
23,0,2,9.31584,-0.640004,-0.177917,2.15505,0.242156,0.112616,1.79895,0
0,1,2,10.1689,0.083261,-0.0130175,143.386,0.238447,0.134624,1.77121,0
1,1,2,7.68261,2.14715,0.0544246,144.298,0.261211,0.0142027,2.50231,0
2,1,2,7.25904,-1.02809,0.0642096,147.221,0.265204,0.0104657,2.78887,0
3,1,2,5.4476,-4.03766,0.076361,152.209,0.260037,0.00331944,3.28713,0
4,1,2,17.8679,-14.9009,0.0632947,74.6641,0.289016,0.000303536,64.0945,0
5,1,2,,,,,,,,1
6,1,2,25.3722,-1.67038,0.045325,-137.987,0.31091,0.00082404,63.8369,0
7,1,2,11.8055,2.08252,0.0615012,-86.3133,0.249927,0.00593796,3.91783,0
8,1,2,6.24859,0.213263,0.171639,-40.7899,0.260169,0.00763485,3.33662,0
9,1,2,10.5405,0.00585089,0.00403299,-26.1798,0.255737,0.019502,2.21491,0
10,1,2,11.5557,1.0224,0.152518,-12.3418,0.252499,0.0267524,2.0329,0
11,1,2,12.347,2.16581,0.142322,-2.48511,0.245421,0.124027,1.97877,0
12,1,2,10.422,4.4027,0.155482,3.39934,0.244751,0.00803226,2.11718,0
13,1,2,10.46,0.513143,0.122143,-3.60888,0.246837,0.0113141,2.22771,0
14,1,2,10.2362,0.205068,0.0640135,-2.52517,0.242873,0.0730425,2.09174,0
15,1,2,9.83409,0.0461774,0.0633268,-2.17077,0.23996,0.111703,2.1482,0
16,1,2,10.0237,-0.0113014,0.0166087,-2.42874,0.243035,0.0568163,2.42939,0
17,1,2,7.9606,-3.70926,-0.121628,-16.3805,0.244303,0.00173511,16.0819,0
18,1,2,10.0354,-3.07545,-0.19512,-7.36285,0.24417,0.0158139,2.04572,0
19,1,2,9.32811,-1.84611,-0.243984,-3.49975,0.244288,0.0252362,1.90564,0
20,1,2,8.61636,-0.578636,-0.286743,-0.378134,0.240451,0.105484,1.80477,0
21,1,2,9.17262,-0.15088,-0.220727,0.512593,0.240858,0.0875137,1.79267,0
22,1,2,9.45859,-0.0412866,-0.175836,0.929106,0.239665,0.134699,1.77926,0
23,1,2,9.69489,0.00839704,-0.117769,1.06112,0.238991,0.134808,1.77283,0
0,2,2,10.0191,0.543091,0.0138518,139.268,0.239567,0.0570085,1.81196,0
1,2,2,6.48397,5.82067,0.127745,141.15,0.261327,0.00966557,2.72704,0
2,2,2,4.12266,1.52312,0.0687972,147.112,0.280771,0.00862616,3.53295,0
3,2,2,0.289549,0.852086,0.165474,153.77,0.238988,0.0268669,8.89525,0
4,2,2,,,,,,,,1
5,2,2,,,,,,,,1
6,2,2,,,,,,,,1
7,2,2,1.62803,-4.84508,0.414575,-53.7427,0.35754,0.00134596,28.2109,0
8,2,2,-1.31131,-0.31481,0.0706148,-33.6885,0.288224,0.00872127,3.75008,0
9,2,2,-4.61431,-2.05372,0.19916,-25.097,0.290455,0.014428,3.57049,0
10,2,2,8.84228,1.84909,0.15032,-11.353,0.261354,0.0227457,2.17497,0
11,2,2,8.70925,3.15126,0.105621,-3.81623,0.247015,0.0221025,1.93061,0
12,2,2,4.1143,1.33925,0.125971,-5.02146,0.312741,0.0159966,3.556,0
13,2,2,8.23835,0.394636,0.0585972,-0.46791,0.262376,0.0208603,2.32112,0
14,2,2,8.45002,0.0382194,0.13285,-0.51366,0.263733,0.0455291,1.9402,0
15,2,2,8.76427,-0.273607,0.0733415,-0.598096,0.258119,0.0561785,1.85287,0
16,2,2,9.21827,-0.636476,0.0191654,-1.18175,0.251137,0.0698281,1.83242,0
17,2,2,9.40374,-0.8867,-0.028,-2.11354,0.247218,0.0417631,1.83885,0
18,2,2,9.1177,-1.82373,-0.230659,-2.08145,0.241303,0.104759,1.79801,0
19,2,2,8.81309,-1.16356,-0.226779,-1.30782,0.240585,0.107974,1.78984,0
20,2,2,8.86151,-0.642671,-0.192581,-0.495702,0.242133,0.0828944,1.79406,0
21,2,2,9.04212,-0.381862,-0.154615,0.112159,0.241445,0.119392,1.785,0
22,2,2,9.23711,-0.25554,-0.124195,0.457314,0.240551,0.13528,1.77817,0
23,2,2,9.4343,-0.208806,-0.0925189,0.583694,0.239767,0.135182,1.77366,0
0,3,2,10.0121,1.61247,0.00645865,128.667,0.24855,0.0219438,2.05298,0
1,3,2,6.78688,11.5823,0.158522,131.755,0.250982,0.0187551,2.25466,0
2,3,2,5.32021,4.24257,0.157557,145.184,0.267794,0.00899001,3.02876,0
3,3,2,1.26375,2.66917,0.147325,152.253,0.271604,0.00741406,4.37346,0
4,3,2,,,,,,,,1
5,3,2,,,,,,,,1
6,3,2,,,,,,,,1
7,3,2,3.68636,3.35805,0.0941775,-43.0891,0.257711,0.00109997,52.9576,0
8,3,2,-2.71537,-4.44704,0.0787625,-34.3654,0.264958,0.0151497,3.01839,0
9,3,2,5.98391,-5.89589,0.0772571,-26.4629,0.256258,0.01729,2.43922,0
10,3,2,3.99948,-3.3658,0.158615,-20.6026,0.277596,0.0138429,2.96705,0
11,3,2,5.71285,-2.12886,0.0401242,-14.3373,0.293473,0.0168379,3.19165,0
12,3,2,7.31526,-0.813332,-0.0152645,-5.76466,0.274347,0.0379896,2.22258,0
13,3,2,7.79978,-0.611173,0.0604743,-3.69358,0.265588,0.0585182,2.02449,0
14,3,2,8.54927,-0.953582,0.0719481,-2.39374,0.264175,0.0546016,1.94045,0
15,3,2,9.13367,-1.20933,0.036955,-1.66844,0.256126,0.0628057,1.85058,0
16,3,2,9.36398,-1.05356,-0.0299544,-1.51162,0.247889,0.112673,1.81144,0
17,3,2,9.64538,-1.22097,-0.112717,-1.665,0.244017,0.121375,1.79293,0
18,3,2,9.58775,-1.34529,-0.190906,-1.70382,0.244857,0.0750302,1.7986,0
19,3,2,9.39519,-1.12991,-0.210847,-1.29667,0.245673,0.0770734,1.80126,0
20,3,2,9.37186,-0.884605,-0.191233,-0.778733,0.244821,0.089713,1.79578,0
21,3,2,9.42262,-0.677208,-0.164985,-0.319867,0.24317,0.108541,1.78792,0
22,3,2,9.55806,-0.603375,-0.0908436,-0.0226713,0.242259,0.124884,1.78481,0
23,3,2,9.66699,-0.516941,-0.0753874,0.15037,0.240533,0.135212,1.77893,0
0,4,2,10.0318,2.39342,0.00693694,106.632,0.257584,0.0153698,2.34993,0
1,4,2,8.03665,8.82677,0.0523686,114.824,0.252507,0.00781208,2.38824,0
2,4,2,7.54237,11.362,0.172354,118.111,0.246685,0.0165355,2.16933,0
3,4,2,3.20129,10.0783,0.15886,130.294,0.248779,0.00340916,2.68278,0
4,4,2,,,,,,,,1
5,4,2,,,,,,,,1
6,4,2,,,,,,,,1
7,4,2,1.74324,-1.66709,-0.632295,-72.741,0.317381,0.00290078,13.9302,0
8,4,2,6.03983,-5.8038,-0.0671845,-47.2622,0.251124,0.00826242,2.52645,0
9,4,2,10.7389,-3.22427,0.0930465,-32.4903,0.244424,0.0220534,1.98415,0
10,4,2,7.87738,-2.17751,-0.0379795,-24.5284,0.261021,0.0160752,2.42536,0
11,4,2,9.26032,-1.70598,-0.0679312,-18.5792,0.265282,0.0233454,2.24872,0
12,4,2,9.87683,-1.26386,-0.0915879,-9.49607,0.262569,0.0371102,1.94675,0
13,4,2,9.98854,-1.11977,-0.064954,-6.77016,0.264533,0.0422491,1.92796,0
14,4,2,10.3735,-1.11783,-0.0524205,-4.9489,0.26018,0.0541632,1.88238,0
15,4,2,10.5721,-1.16039,-0.0729247,-3.58136,0.253408,0.0665943,1.83871,0
16,4,2,10.3752,-1.02669,-0.117618,-2.70438,0.247331,0.0677463,1.80666,0
17,4,2,10.2518,-0.792535,-0.178574,-2.41877,0.244408,0.104349,1.79363,0
18,4,2,10.2031,-0.853254,-0.241367,-2.21193,0.243425,0.0979721,1.789,0
19,4,2,10.0476,-0.775408,-0.261349,-1.81328,0.243451,0.0928609,1.78879,0
20,4,2,9.95372,-0.665265,-0.24502,-1.3364,0.242497,0.108524,1.78462,0
21,4,2,9.98311,-0.614096,-0.157097,-0.964058,0.241456,0.135574,1.78099,0
22,4,2,9.97741,-0.529852,-0.139991,-0.576968,0.240051,0.135243,1.77497,0
23,4,2,10.0053,-0.479438,-0.120823,-0.314546,0.238957,0.134981,1.7703,0
0,5,2,10.1001,2.28038,0.0402038,83.0288,0.257973,0.0164651,2.30671,0
1,5,2,11.2524,12.6703,0.407678,80.932,0.246986,0.0540217,2.03321,0
2,5,2,10.2137,9.06221,0.215054,83.4439,0.245702,0.0133624,2.05946,0
3,5,2,15.3475,10.6911,0.312417,68.4886,0.242494,0.0206386,2.06484,0
4,5,2,19.426,1.38331,0.305845,3.90746,0.244753,0.00445452,5.31885,0
5,5,2,19.1342,-0.23362,0.462508,-15.2078,0.248175,0.0088677,2.27836,0
6,5,2,19.3064,-1.40344,0.213742,-28.5021,0.242525,0.00849982,1.93957,0
7,5,2,12.7741,-7.14237,0.0592996,-88.9677,0.24652,0.00680964,4.14371,0
8,5,2,13.5232,-3.669,-0.0627479,-40.2724,0.248765,0.0100844,2.27997,0
9,5,2,10.2442,-3.75484,-0.391353,-33.6072,0.245381,0.0240605,2.08964,0
10,5,2,10.5669,-1.64267,-0.358446,-26.1929,0.244763,0.0336834,1.93416,0
11,5,2,10.7985,-1.25393,-0.283825,-20.663,0.242361,0.0784304,1.82784,0
12,5,2,11.1176,-1.17233,-0.0837824,-11.9255,0.238884,0.134855,1.77142,0
13,5,2,11.1322,-1.11368,-0.093262,-8.93609,0.238718,0.134889,1.76973,0
14,5,2,11.2365,-1.04245,-0.0898592,-6.76929,0.238253,0.134816,1.76724,0
15,5,2,11.2339,-0.960698,-0.11584,-5.06062,0.238188,0.1348,1.76697,0
16,5,2,10.9762,-0.829994,-0.175891,-3.85789,0.240076,0.117871,1.7758,0
17,5,2,10.7147,-0.713434,-0.242583,-3.21867,0.239643,0.135144,1.77324,0
18,5,2,10.6572,-0.707981,-0.304979,-2.81663,0.239219,0.135072,1.77105,0
19,5,2,10.4807,-0.6386,-0.330583,-2.33741,0.239355,0.135126,1.77135,0
20,5,2,10.3461,-0.578777,-0.309936,-1.81285,0.239063,0.135061,1.77005,0
21,5,2,10.1829,-0.47422,-0.22116,-1.41522,0.239438,0.13507,1.7727,0
22,5,2,10.1544,-0.451722,-0.197044,-0.956393,0.238524,0.134854,1.76875,0
23,5,2,10.1471,-0.427414,-0.171407,-0.612183,0.237966,0.13473,1.76625,0
0,6,2,10.0358,1.65163,0.0369053,66.6747,0.256647,0.0223259,2.07948,0
1,6,2,11.968,8.56393,0.477679,64.8414,0.255904,0.0111602,2.36246,0
2,6,2,14.2973,8.5181,0.549082,58.4996,0.244738,0.122852,1.99215,0
3,6,2,13.9319,5.8096,0.33481,51.9195,0.245494,0.0113138,2.11732,0
4,6,2,17.189,2.44916,0.51482,29.9667,0.248158,0.0103929,2.23075,0
5,6,2,19.9839,-3.72939,1.00384,10.5564,0.243387,0.122964,1.97934,0
6,6,2,19.6774,-1.96656,0.2954,-15.601,0.24304,0.0176678,1.92392,0
7,6,2,17.8264,-4.11654,0.00136518,-35.0969,0.245324,0.00746469,2.13204,0
8,6,2,16.5551,-2.19404,-0.0108829,-33.4652,0.247237,0.0121147,2.10281,0
9,6,2,13.0678,-1.94695,-0.204735,-31.1314,0.249212,0.0122786,2.19672,0
10,6,2,10.646,-0.901344,-0.797674,-25.6122,0.244322,0.0444295,1.95856,0
11,6,2,12.174,-1.59843,-0.481975,-17.9743,0.241339,0.0838375,1.79556,0
12,6,2,11.8348,-1.20162,-0.201165,-13.2313,0.240947,0.11781,1.78296,0
13,6,2,10.9964,-1.23746,-0.0360048,-9.81331,0.240689,0.116386,1.77874,0
14,6,2,10.8914,-0.986335,-0.076155,-7.48726,0.240427,0.131463,1.77697,0
15,6,2,10.9064,-0.838669,-0.0907133,-5.70269,0.240599,0.119069,1.77767,0
16,6,2,10.7126,-0.554425,-0.219112,-4.46593,0.239896,0.13514,1.77517,0
17,6,2,10.5324,-0.443588,-0.322022,-3.74451,0.238957,0.134972,1.77042,0
18,6,2,10.5003,-0.439949,-0.374833,-3.24668,0.238801,0.134966,1.76934,0
19,6,2,10.372,-0.410378,-0.396005,-2.71351,0.239948,0.118725,1.77399,0
20,6,2,10.255,-0.386136,-0.377408,-2.10847,0.2398,0.135227,1.77331,0
21,6,2,10.1742,-0.407915,-0.323639,-1.52258,0.239256,0.135098,1.77099,0
22,6,2,9.91881,-0.309883,-0.24813,-1.06867,0.239716,0.135107,1.77427,0
23,6,2,9.96386,-0.321075,-0.216648,-0.675582,0.238716,0.134893,1.76967,0
0,7,2,10.0483,1.19037,0.0688895,55.4297,0.247378,0.0293754,1.937,0
1,7,2,11.4407,6.06333,0.596442,54.0822,0.256324,0.0171303,2.23954,0
2,7,2,13.3631,5.68295,0.731978,49.8148,0.256458,0.0151409,2.31017,0
3,7,2,14.9402,3.70721,0.948026,42.0995,0.256281,0.0164783,2.30137,0
4,7,2,16.0488,-0.203928,1.31168,33.8297,0.253268,0.0176557,2.30906,0
5,7,2,15.1096,-2.524,0.723611,23.6294,0.252029,0.010065,2.3127,0
6,7,2,17.3705,-3.61685,0.583835,9.70773,0.249184,0.00839043,2.29291,0
7,7,2,19.4285,-1.05826,0.171304,-18.5763,0.242029,0.0715396,1.90048,0
8,7,2,15.9374,0.0321054,-0.277669,-33.8495,0.2442,0.0164457,2.01631,0
9,7,2,15.0715,1.30055,-0.361992,-33.7081,0.243605,0.0156404,2.04603,0
10,7,2,11.5785,-0.663232,-1.03989,-22.7278,0.245392,0.0260174,1.96077,0
11,7,2,11.3389,-0.834872,-0.838324,-16.8886,0.253936,0.0231861,2.02917,0
12,7,2,11.0498,-1.24322,-0.315344,-13.3395,0.241304,0.110019,1.78737,0
13,7,2,11.0067,-0.70147,-0.341055,-9.7682,0.240986,0.0874333,1.78211,0
14,7,2,10.7352,-0.711573,-0.202791,-8.63773,0.242421,0.0769786,1.78802,0
15,7,2,10.3077,-0.53882,-0.290395,-5.71498,0.241958,0.0783772,1.78623,0
16,7,2,10.1698,-0.671999,-0.274681,-4.46237,0.239673,0.134931,1.77626,0
17,7,2,10.2761,-0.535816,-0.31764,-4.11882,0.239541,0.134921,1.77541,0
18,7,2,10.3449,-0.407772,-0.414838,-3.61796,0.239118,0.134775,1.7742,0
19,7,2,9.92366,-0.291258,-0.685882,-2.87822,0.239294,0.134786,1.77537,0
20,7,2,9.91463,-0.369707,-0.479872,-2.20687,0.240873,0.103556,1.77977,0
21,7,2,9.89834,-0.404616,-0.369334,-1.51219,0.23998,0.135203,1.77497,0
22,7,2,9.8493,-0.315528,-0.302661,-0.918024,0.239992,0.134719,1.78142,0
23,7,2,9.94306,-0.332764,-0.256996,-0.511548,0.23874,0.134699,1.77239,0
0,8,2,10.0648,0.844795,0.0821815,49.1303,0.243068,0.0403992,1.85808,0
1,8,2,10.9665,4.1802,0.797103,47.2833,0.254069,0.0243125,2.03795,0
2,8,2,12.1047,3.71647,0.97009,44.64,0.257732,0.0224253,2.12608,0
3,8,2,12.6965,2.36376,1.2418,40.7172,0.260241,0.0199009,2.20524,0
4,8,2,12.1017,0.484109,1.73061,37.4489,0.264989,0.0142351,2.51407,0
5,8,2,11.2884,-1.631,1.04446,36.2219,0.260447,0.00945805,2.55565,0
6,8,2,4.41106,-0.486288,1.05432,51.1278,0.267702,0.00537227,3.41612,0
7,8,2,,,,,,,,1
8,8,2,,,,,,,,1
9,8,2,3.50691,2.47157,-0.79648,-38.4665,0.251855,0.00950723,4.14269,0
10,8,2,8.58364,1.72827,-1.16903,-27.3012,0.259816,0.00691179,2.87252,0
11,8,2,8.62113,0.416629,-1.02171,-15.0105,0.269818,0.0118739,2.82916,0
12,8,2,9.607,-0.494509,-0.285206,-10.9832,0.258491,0.0305691,2.13074,0
13,8,2,9.81788,-0.511314,-0.312868,-7.83562,0.24534,0.0678162,1.8087,0
14,8,2,9.58444,-0.437655,-0.366052,-6.94301,0.249651,0.0515695,1.82788,0
15,8,2,9.63278,-0.690241,-0.40813,-4.58436,0.240937,0.0954308,1.78166,0
16,8,2,9.97971,-0.673889,-0.35098,-4.30199,0.240254,0.123331,1.77881,0
17,8,2,10.1731,-0.685524,-0.373705,-4.16247,0.240304,0.124101,1.77871,0
18,8,2,10.3184,-0.540677,-0.572342,-3.87706,0.240265,0.0903211,1.78246,0
19,8,2,10.3548,-0.263301,-0.89912,-3.37867,0.240744,0.0553072,1.79776,0
20,8,2,9.66435,-0.331502,-0.846203,-2.16784,0.240648,0.0967098,1.79025,0
21,8,2,9.77297,-0.408437,-0.496957,-1.37766,0.241695,0.100442,1.78682,0
22,8,2,9.77586,-0.301372,-0.313515,-0.640421,0.241646,0.12139,1.7944,0
23,8,2,9.93377,-0.32748,-0.255047,-0.241138,0.239969,0.134786,1.78036,0
0,9,2,10.0535,0.558063,0.111712,44.741,0.2408,0.0592787,1.81076,0
1,9,2,10.6224,2.81792,1.02164,43.0329,0.24927,0.0327359,1.91315,0
2,9,2,11.296,2.54049,1.19723,41.4519,0.251922,0.0339179,1.94896,0
3,9,2,11.5648,1.85718,1.44741,39.3743,0.25169,0.0383027,1.94152,0
4,9,2,10.653,1.28018,1.94938,38.1313,0.253425,0.0308846,1.99965,0
5,9,2,8.93939,0.762788,1.36236,40.7128,0.256316,0.0112781,2.33206,0
6,9,2,9.11652,4.03695,1.89728,40.3288,0.244858,0.0299631,1.97623,0
7,9,2,1.39433,3.64265,2.00619,60.1388,0.252821,0.00444307,3.03604,0
8,9,2,,,,,,,,1
9,9,2,-2.08901,2.29785,-0.300658,-38.6739,0.295785,0.00797999,4.46706,0
10,9,2,-3.03091,1.67844,-2.16246,-31.388,0.263233,0.0104768,3.32722,0
11,9,2,7.21645,-1.68442,-1.33396,-15.6228,0.269356,0.00955188,2.92796,0
12,9,2,7.6547,-1.53661,0.314209,-11.5468,0.263586,0.015997,2.56766,0
13,9,2,8.92298,-1.18468,-0.0862641,-7.66438,0.243688,0.0866248,1.79935,0
14,9,2,9.28272,-1.19767,-0.19408,-6.21293,0.247,0.066908,1.80779,0
15,9,2,9.67654,-1.10208,-0.304089,-5.15567,0.246146,0.0724305,1.80085,0
16,9,2,9.75694,-1.02516,-0.473279,-4.51503,0.241744,0.103237,1.78268,0
17,9,2,9.77096,-0.861648,-0.642245,-4.24163,0.240487,0.108228,1.77789,0
18,9,2,10.1958,-0.753362,-1.07167,-4.44333,0.243176,0.0365311,1.83515,0
19,9,2,9.72704,-0.489513,-1.36968,-3.63788,0.242761,0.0415626,1.8357,0
20,9,2,9.42739,-0.478481,-1.06446,-2.32816,0.240332,0.128526,1.79228,0
21,9,2,9.59898,-0.530925,-0.544939,-1.34711,0.2434,0.0733272,1.79939,0
22,9,2,9.76169,-0.571184,-0.404661,-0.682983,0.241872,0.124797,1.78682,0
23,9,2,9.95855,-0.419991,-0.174437,-0.00257175,0.24099,0.13477,1.78816,0
0,10,2,10.0462,0.356925,0.194108,40.8588,0.239889,0.0818497,1.79031,0
1,10,2,10.4232,1.76304,1.17241,40.4422,0.24623,0.0399073,1.85774,0
2,10,2,10.9124,1.51523,1.34905,39.4033,0.249571,0.0380904,1.89497,0
3,10,2,11.3367,1.21148,1.57682,37.9541,0.249288,0.0456066,1.88484,0
4,10,2,11.3218,1.67725,1.88831,36.5193,0.248811,0.044307,1.88811,0
5,10,2,10.4391,2.57788,1.42838,35.6133,0.248499,0.0205549,1.9838,0
6,10,2,11.0503,4.14786,1.67194,30.9191,0.248884,0.0104317,2.19086,0
7,10,2,10.9966,5.98495,1.80072,30.3571,0.250451,0.00867893,2.33103,0
8,10,2,1.15149,6.56218,1.461,51.244,0.274902,0.0001856,204.448,0
9,10,2,10.1578,-5.3498,0.430612,-42.7814,0.257323,0.00369628,8.83713,0
10,10,2,7.279,-4.14873,0.114136,-26.8408,0.255208,0.00645618,2.86331,0
11,10,2,10.4326,-2.5089,-0.526135,-15.6922,0.259554,0.0109522,2.52785,0
12,10,2,11.5268,-1.74981,0.0279465,-14.9157,0.246587,0.0283095,2.05812,0
13,10,2,10.571,-1.29406,-0.213292,-9.17129,0.250607,0.0531388,1.82572,0
14,10,2,10.8185,-1.39342,-0.136267,-7.64529,0.250655,0.0597957,1.82114,0
15,10,2,10.7306,-1.39254,-0.182136,-6.4273,0.249237,0.0680241,1.81462,0
16,10,2,10.9082,-1.20923,-0.251425,-5.64923,0.249715,0.0641096,1.81641,0
17,10,2,10.9987,-1.11254,-0.476095,-5.11443,0.246407,0.0737092,1.80765,0
18,10,2,10.8177,-1.1671,-0.561168,-4.71889,0.242908,0.0851698,1.79446,0
19,10,2,10.3143,-0.849103,-1.34724,-4.04321,0.244318,0.0316643,1.86173,0
20,10,2,9.61706,-0.6408,-1.022,-2.53241,0.241321,0.0864262,1.80528,0
21,10,2,9.76597,-0.654146,-0.449798,-1.39392,0.243761,0.0671383,1.80883,0
22,10,2,9.93226,-0.705464,-0.305014,-0.634833,0.242373,0.110385,1.79323,0
23,10,2,10.1057,-0.702547,-0.228918,-0.203181,0.24122,0.128514,1.78346,0
0,11,2,10.0338,0.19019,0.212355,39.3697,0.239333,0.116097,1.77949,0
1,11,2,10.2223,0.869326,1.34195,39.1243,0.244161,0.0488308,1.82974,0
2,11,2,10.6571,0.38316,1.48558,38.5445,0.248764,0.034451,1.90427,0
3,11,2,11.5434,0.0700959,1.59666,37.2087,0.248312,0.0366938,1.92108,0
4,11,2,12.4872,-0.187243,0.842317,35.3828,0.24588,0.032701,2.03029,0
5,11,2,12.5979,3.09862,2.18462,30.6943,0.243332,0.0614217,1.86609,0
6,11,2,13.1192,3.5861,1.0996,25.8474,0.248079,0.0111608,2.1552,0
7,11,2,13.9887,5.13858,1.08789,22.0492,0.249378,0.00771796,2.31476,0
8,11,2,15.7853,2.18893,0.530676,-11.2917,0.245941,0.00913543,2.12647,0
9,11,2,13.6678,-4.58809,0.432481,-23.3889,0.242184,0.0123036,2.09186,0
10,11,2,11.299,-2.13528,0.842496,-16.3428,0.245092,0.0207012,2.08608,0
11,11,2,10.0205,-3.04529,0.392358,-15.0565,0.258333,0.0157864,2.39884,0
12,11,2,12.188,-1.07921,0.261306,-12.0745,0.243084,0.0470307,1.93747,0
13,11,2,11.4139,-0.727081,-0.229152,-9.16557,0.240799,0.119933,1.78172,0
14,11,2,11.5769,-0.745562,-0.178388,-8.04865,0.239752,0.135097,1.77466,0
15,11,2,11.3554,-0.95634,0.138458,-8.56901,0.242033,0.0748623,1.78842,0
16,11,2,11.5187,-0.782326,-0.231365,-6.2192,0.240057,0.135237,1.77508,0
17,11,2,11.5263,-0.654733,-0.447964,-5.65383,0.23898,0.134928,1.77116,0
18,11,2,11.369,-0.944506,-0.446787,-5.03844,0.239487,0.0982856,1.77671,0
19,11,2,10.6232,-0.736046,-1.26235,-4.23393,0.244524,0.0293461,1.86839,0
20,11,2,9.83988,-0.746022,-0.959682,-2.56688,0.24177,0.0746268,1.81204,0
21,11,2,9.86545,-0.788654,-0.354879,-1.25809,0.243965,0.0643209,1.81585,0
22,11,2,10.0473,-0.910186,-0.200319,-0.404529,0.242842,0.0898265,1.80168,0
23,11,2,10.3238,-0.936134,-0.346569,0.749612,0.240373,0.0983069,1.79258,0
0,12,2,10.006,0.100395,0.235755,38.7831,0.239506,0.130697,1.77785,0
1,12,2,9.73941,0.419934,1.58322,38.8848,0.244048,0.0517724,1.82493,0
2,12,2,8.68127,-0.285832,0.974579,40.8802,0.24917,0.0239805,1.95046,0
3,12,2,10.0472,-2.42143,0.972205,40.9481,0.251523,0.0127538,2.25314,0
4,12,2,13.191,-0.284343,0.817154,28.3565,0.241853,0.0125699,5.96594,0
5,12,2,11.9461,-0.167963,0.829278,25.7947,0.242377,0.0331865,1.95814,0
6,12,2,14.2432,0.94475,1.39341,19.1513,0.250771,0.0113579,2.31302,0
7,12,2,14.9095,5.78754,0.990082,-11.4027,0.242423,0.00948333,1.97263,0
8,12,2,13.992,3.39828,0.467488,-11.2632,0.247097,0.00729366,2.2693,0
9,12,2,13.3209,0.0367937,0.354116,-10.6882,0.251039,0.0130482,2.27635,0
10,12,2,12.0104,-3.42262,0.426577,-10.7405,0.24545,0.0354844,2.01568,0
11,12,2,11.8836,-2.3072,1.17853,-9.39356,0.254781,0.020625,2.11977,0
12,12,2,12.367,-0.395922,0.849231,-7.46781,0.244791,0.0382365,1.88459,0
13,12,2,12.3517,-0.204958,0.400708,-7.1118,0.240816,0.0834816,1.78827,0
14,12,2,11.6499,-0.71638,-0.27993,-6.87797,0.239835,0.135069,1.77565,0
15,12,2,11.4402,-0.959731,-0.047615,-7.27339,0.240323,0.127761,1.78087,0
16,12,2,11.3731,-0.882339,-0.0163428,-7.011,0.239624,0.134682,1.77918,0
17,12,2,11.3683,-0.813804,-0.555079,-5.47622,0.238634,0.134781,1.77052,0
18,12,2,11.3323,-0.470639,-0.57459,-5.43107,0.240094,0.0719196,1.78476,0
19,12,2,11.1028,-0.544349,-2.00134,-6.56675,0.243267,0.0217882,1.92742,0
20,12,2,9.6172,-0.74385,-0.926827,-2.33714,0.242447,0.066038,1.82287,0
21,12,2,9.54533,-1.0318,-0.275152,1.18962,0.243821,0.0469303,1.82862,0
22,12,2,9.91337,-1.45943,-0.183044,1.27484,0.243249,0.0386356,1.83207,0
23,12,2,10.4075,-2.24761,-0.295246,2.50428,0.244109,0.0290337,1.93351,0
0,13,2,10.0041,0.0318999,0.204163,38.4394,0.238968,0.13459,1.77553,0
1,13,2,9.06143,0.464297,1.91185,38.8588,0.247317,0.0451035,1.84359,0
2,13,2,8.54199,0.199588,0.991411,42.1896,0.251148,0.0187704,2.08277,0
3,13,2,4.95136,1.3248,0.745915,48.8236,0.259148,0.00564951,2.93705,0
4,13,2,,,,,,,,1
5,13,2,,,,,,,,1
6,13,2,,,,,,,,1
7,13,2,-1.55148,0.0241908,0.00849666,-20.2591,0.27852,0.00492206,12.6211,0
8,13,2,7.09188,4.36527,0.283709,-10.7007,0.263736,0.00582808,4.21615,0
9,13,2,9.25533,-1.03369,0.283192,-3.39405,0.26541,0.0138218,2.77243,0
10,13,2,10.6439,-2.10699,0.440333,-2.23081,0.247515,0.0510813,1.94363,0
11,13,2,12.5944,0.677322,1.84761,-1.26785,0.248147,0.0185372,2.05257,0
12,13,2,12.9912,0.4069,0.485573,-2.56583,0.245742,0.0331276,1.95597,0
13,13,2,12.1574,0.0896072,0.338206,-3.72831,0.240829,0.0802582,1.78518,0
14,13,2,11.5765,-0.534322,-0.0107219,-4.10028,0.240208,0.0972773,1.78285,0
15,13,2,11.2141,-0.48977,0.0458255,-4.43642,0.240792,0.067117,1.78929,0
16,13,2,11.5119,-0.556256,-0.186726,-5.28433,0.243026,0.0601443,1.83424,0
17,13,2,11.1661,-0.48198,-0.690079,-5.06358,0.239814,0.135021,1.77612,0
18,13,2,10.8778,-0.420435,-0.479751,-4.50152,0.240115,0.0942831,1.78035,0
19,13,2,10.9449,-0.496078,-1.91807,-6.04854,0.243232,0.0229027,1.91932,0
20,13,2,9.34573,-0.693608,-0.880858,-1.8407,0.244445,0.0492451,1.84796,0
21,13,2,8.2902,-0.938917,-0.258371,3.20042,0.248179,0.0258265,1.93981,0
22,13,2,5.83536,-2.34946,-0.120701,8.69564,0.258977,0.00973974,2.62591,0
23,13,2,6.63386,-5.13279,-0.381041,13.5585,0.251155,0.00236428,3.13879,0
0,14,2,10.1355,-0.472513,0.586521,39.111,0.243125,0.0336983,1.89565,0
1,14,2,11.9604,-0.410345,2.70843,36.695,0.251961,0.0199933,2.12596,0
2,14,2,10.1265,1.56484,1.39192,37.3276,0.253365,0.0158369,2.13999,0
3,14,2,13.0192,3.99206,0.844387,30.2447,0.246645,0.0194514,2.1379,0
4,14,2,14.5462,0.237106,0.51587,6.64395,0.240893,0.0648949,1.81844,0
5,14,2,14.152,0.223248,0.301103,0.280332,0.240009,0.0966441,1.78381,0
6,14,2,14.7011,-0.141711,0.153173,-6.08542,0.24289,0.0726837,3.34174,0
7,14,2,14.7797,-0.162808,0.154481,-8.95056,0.239361,0.102114,2.34406,0
8,14,2,11.4328,-2.33396,0.05747,-11.5717,0.243405,0.0113581,2.11166,0
9,14,2,10.6015,-1.59749,0.327072,-2.46052,0.245085,0.071041,1.87181,0
10,14,2,11.0831,-0.5261,0.741903,-0.517997,0.247546,0.0252627,1.87907,0
11,14,2,11.3756,-0.480354,0.88058,-0.359836,0.247601,0.0253364,1.92113,0
12,14,2,12.5596,-0.302959,0.297237,-2.74822,0.241327,0.0552966,1.79763,0
13,14,2,12.1571,-0.103666,0.122789,-4.1539,0.243596,0.0461651,1.82039,0
14,14,2,11.7365,-0.0741168,0.267749,-4.53957,0.245493,0.0324624,1.85449,0
15,14,2,11.4523,0.800843,-0.0180301,-5.35592,0.249925,0.0302842,1.91356,0
16,14,2,11.5936,-0.252483,0.823201,-4.44561,0.248997,0.0230156,2.01958,0
17,14,2,11.0921,-0.0581454,-0.25743,-4.42782,0.240488,0.114509,1.7811,0
18,14,2,11.0648,-0.0256227,-0.435306,-4.1306,0.240028,0.128065,1.77958,0
19,14,2,10.7392,-0.481851,-1.6573,-5.10991,0.243012,0.026089,1.88854,0
20,14,2,9.63676,-0.434961,-1.08206,-2.31602,0.243962,0.0384339,1.88355,0
21,14,2,7.88899,0.405623,-0.224267,3.72637,0.250909,0.0209955,2.01705,0
22,14,2,3.69419,1.44164,-0.0935407,10.2853,0.259689,0.0120614,2.8475,0
23,14,2,-0.0160869,0.254343,-0.363999,18.6778,0.222398,0.0100124,16.2108,0
0,15,2,9.95848,-0.689518,0.740207,42.1248,0.247919,0.0159967,2.04022,0
1,15,2,12.3533,-2.83084,2.19378,40.2284,0.249285,0.00846055,2.31519,0
2,15,2,13.682,0.468743,1.6428,31.1643,0.251027,0.0139777,2.23128,0
3,15,2,13.7561,1.16005,1.29764,26.6296,0.247961,0.0241458,2.06859,0
4,15,2,14.4154,0.805448,0.770173,11.6844,0.241827,0.0530077,1.82849,0
5,15,2,14.162,0.432334,0.502611,3.67771,0.240629,0.0822896,1.78911,0
6,15,2,14.0483,0.1476,0.147611,-3.96173,0.240728,0.0500364,1.79484,0
7,15,2,13.9101,-0.261283,0.140067,-5.1072,0.240786,0.0422919,1.81071,0
8,15,2,11.6028,-0.800665,0.187534,-3.81737,0.244225,0.0270512,1.93998,0
9,15,2,10.7048,-1.67565,0.590475,-0.0920457,0.249748,0.0304425,1.99813,0
10,15,2,11.6357,-1.5699,0.577795,1.3956,0.243227,0.0270266,1.9029,0
11,15,2,12.7533,-0.702071,0.387518,-1.39716,0.242891,0.0413838,1.85641,0
12,15,2,12.9438,-0.290215,0.306647,-3.04072,0.241241,0.0700534,1.82079,0
13,15,2,12.4842,0.778904,-0.0252938,-7.4855,0.239352,0.0830773,1.78016,0
14,15,2,12.1761,1.09029,-0.112694,-6.34572,0.242287,0.030346,1.85469,0
15,15,2,11.5136,1.11267,0.144318,-5.60627,0.244285,0.0310553,1.88195,0
16,15,2,11.4423,0.982432,0.278168,-5.33196,0.24518,0.03068,1.89409,0
17,15,2,11.2813,0.254952,-0.140791,-5.263,0.242055,0.0790462,1.81749,0
18,15,2,11.0731,0.0549649,-0.354066,-4.88655,0.240993,0.078218,1.79517,0
19,15,2,10.2387,0.150605,-0.510685,-2.64132,0.243483,0.0385527,1.82632,0
20,15,2,9.85092,0.450304,-0.19074,-1.4713,0.245624,0.0510637,1.83562,0
21,15,2,9.37206,0.728594,-0.0447274,0.241014,0.249607,0.0430083,1.87166,0
22,15,2,8.9737,1.82129,0.0574223,2.0428,0.246588,0.0513435,1.87701,0
23,15,2,10.5009,2.19223,-0.07264,2.85795,0.245141,0.0119375,2.54939,0
0,16,2,10.0218,-1.88354,1.15789,63.22,0.248374,0.00713102,2.34836,0
1,16,2,12.4188,-6.49525,2.79475,55.5651,0.244716,0.00616704,2.17008,0
2,16,2,13.909,-0.958804,2.03559,23.6853,0.241587,0.020306,1.88295,0
3,16,2,12.9674,-0.214097,2.40409,10.5419,0.246962,0.0159087,3.01336,0
4,16,2,13.679,-0.260666,1.06047,6.97724,0.24512,0.0259417,1.86904,0
5,16,2,13.989,0.065002,0.719993,0.858356,0.243703,0.0401216,1.78096,0
6,16,2,14.226,0.428127,0.327336,-3.5246,0.23997,0.0687929,1.78329,0
7,16,2,14.6515,1.74081,-0.113042,-7.56395,0.242381,0.0084326,1.98751,0
8,16,2,9.59603,1.54751,-0.761653,0.0453004,0.255418,0.00943828,2.56152,0
9,16,2,8.46672,-0.890471,0.59436,2.58229,0.262385,0.0168253,2.48775,0
10,16,2,7.73119,-2.81038,0.835476,9.63541,0.254458,0.009442,2.53631,0
11,16,2,13.2564,-0.896097,0.403806,-6.89057,0.242066,0.035542,2.02896,0
12,16,2,11.1819,0.506561,0.771132,-14.4669,0.242669,0.0200994,3.04534,0
13,16,2,12.8724,-0.187735,0.191782,-16.7031,0.245758,0.0107212,2.70214,0
14,16,2,4.49677,3.2234,-1.06423,-21.8064,0.25405,0.00712509,4.3808,0
15,16,2,8.28487,3.26234,-0.728507,-13.8623,0.25252,0.0084459,3.37925,0
16,16,2,10.54,1.70563,-0.634115,-7.79942,0.245798,0.0266503,2.04831,0
17,16,2,11.0584,0.509087,-0.329934,-5.15851,0.24175,0.0853971,1.7926,0
18,16,2,10.9802,0.390803,-0.444914,-4.56289,0.243889,0.0589828,1.79833,0
19,16,2,10.6708,0.918844,-0.949879,-3.18096,0.242408,0.0597293,1.80188,0
20,16,2,9.70283,1.37874,-0.522857,-1.70283,0.244313,0.050185,1.84093,0
21,16,2,9.43049,1.21383,-0.28408,-0.311216,0.243394,0.0911487,1.80755,0
22,16,2,9.46468,1.38156,-0.0761788,0.891806,0.244404,0.0805196,1.80769,0
23,16,2,10.123,1.03961,0.187463,1.98728,0.243017,0.0438049,1.82646,0
0,17,2,10.0711,-1.49283,2.03968,99.6627,0.249075,0.00674343,2.41088,0
1,17,2,5.08038,-6.94452,6.61967,107.069,0.245102,0.00385031,2.33247,0
2,17,2,,,,,,,,1
3,17,2,,,,,,,,1
4,17,2,,,,,,,,1
5,17,2,,,,,,,,1
6,17,2,,,,,,,,1
7,17,2,8.19425,3.90522,-0.810155,-7.97105,0.251626,0.00487437,2.83107,0
8,17,2,4.16362,1.30216,-0.79441,3.71116,0.28241,0.0149557,3.19829,0
9,17,2,5.16442,-0.112515,0.646322,4.83973,0.277853,0.0137076,3.01259,0
10,17,2,3.34377,-0.420503,0.944982,16.6569,0.262578,0.0132951,3.15397,0
11,17,2,1.9832,-0.527857,0.176719,23.0567,0.267372,0.00657479,3.66627,0
12,17,2,,,,,,,,1
13,17,2,,,,,,,,1
14,17,2,0.1248,-1.28258,1.26568,-21.4238,0.281117,0.00730719,5.50947,0
15,17,2,1.82652,0.459713,-1.0335,-11.8911,0.306326,0.00755177,4.78983,0
16,17,2,7.45025,-0.405282,-2.46868,-7.16207,0.247347,0.012336,2.12768,0
17,17,2,9.56782,0.494212,-1.69736,-4.99411,0.254787,0.024679,2.07128,0
18,17,2,9.54118,0.959086,-1.11171,-3.02679,0.254171,0.0248918,1.9867,0
19,17,2,10.7047,1.33245,-1.05578,-3.84249,0.24261,0.0485775,1.83141,0
20,17,2,9.21129,1.80702,-0.631056,-2.12512,0.246136,0.0248705,2.00218,0
21,17,2,8.80361,1.20852,-0.266533,-0.543903,0.246665,0.0426545,1.87591,0
22,17,2,9.17899,1.03681,-0.0848332,0.527816,0.244402,0.063108,1.82714,0
23,17,2,9.76756,1.10893,0.250349,1.92896,0.242171,0.0568672,1.81597,0
0,18,2,10.0719,-0.291164,2.66334,119.043,0.250182,0.00719128,2.43892,0
1,18,2,2.23764,-2.98128,8.72512,131.175,0.247821,0.00498879,2.43616,0
2,18,2,0.75013,-0.493205,9.51337,150.949,0.254276,0.005719,4.91356,0
3,18,2,,,,,,,,1
4,18,2,,,,,,,,1
5,18,2,0.423697,0.286124,3.41177,-30.9513,0.257602,0.00514954,9.28749,0
6,18,2,3.96588,-0.099167,-1.80616,-31.9552,0.272453,0.00487489,5.20332,0
7,18,2,-0.0687701,1.93763,0.21778,-16.0512,0.319688,0.0029095,35.6696,0
8,18,2,6.47789,0.778125,-1.40922,1.87335,0.266176,0.0110764,2.87498,0
9,18,2,7.89,0.947488,0.358372,8.3672,0.257551,0.0218666,2.3689,0
10,18,2,2.25294,0.149254,0.697417,17.6515,0.262584,0.0156318,3.15457,0
11,18,2,1.05767,0.405321,-1.07087,23.1218,0.253104,0.0128753,3.35548,0
12,18,2,,,,,,,,1
13,18,2,,,,,,,,1
14,18,2,0.588698,-1.56248,1.7931,-16.632,0.259779,0.00771105,8.18608,0
15,18,2,5.48157,-2.25486,-3.23499,-6.40087,0.245281,0.0109902,2.20637,0
16,18,2,-0.585004,0.31623,-4.17544,2.95736,0.26699,0.00705977,6.04369,0
17,18,2,8.49145,-0.0179452,-1.80047,-7.05629,0.249511,0.0168748,2.86137,0
18,18,2,10.4697,0.353996,-0.787992,-6.41495,0.246834,0.00917712,5.02059,0
19,18,2,11.1606,0.507563,-0.729403,-7.64733,0.244191,0.0111285,7.71808,0
20,18,2,7.78366,3.36829,-0.483434,-4.95559,0.25193,0.00965493,2.45066,0
21,18,2,7.26871,2.13756,-0.134416,-0.266684,0.258579,0.028148,2.29481,0
22,18,2,8.49571,1.69758,-0.0448284,0.99145,0.260863,0.0298798,2.05106,0
23,18,2,9.20263,1.43768,0.13684,1.69859,0.257841,0.0386296,1.99096,0
0,19,2,10.0642,-0.0161183,2.91397,120.616,0.249863,0.00634382,2.48822,0
1,19,2,5.4776,0.406378,8.8081,131.341,0.248042,0.00764647,2.18113,0
2,19,2,1.34618,-0.454874,11.316,141.581,0.249001,0.00487176,2.41977,0
3,19,2,,,,,,,,1
4,19,2,,,,,,,,1
5,19,2,1.69698,0.308871,1.28422,-39.3064,0.243657,0.00653122,7.28986,0
6,19,2,4.03594,0.168597,-2.12154,-31.7312,0.254781,0.00487873,3.42626,0
7,19,2,7.92601,-1.48502,-2.66162,-11.5432,0.250089,0.0112466,2.31446,0
8,19,2,7.6382,0.863349,-1.32286,0.96433,0.25624,0.0157405,2.35927,0
9,19,2,5.79281,1.63461,-1.36916,7.01122,0.267357,0.0144245,2.60358,0
10,19,2,7.52961,1.72843,0.441536,7.18907,0.252608,0.0139412,2.32539,0
11,19,2,1.02661,0.575129,-0.779073,21.6395,0.248645,0.0191222,3.00207,0
12,19,2,,,,,,,,1
13,19,2,,,,,,,,1
14,19,2,0.364494,-0.604444,1.90676,-14.1085,0.277643,0.00766686,8.22209,0
15,19,2,-0.0170204,-0.923816,-3.10001,-2.51402,0.276432,0.0111281,3.26813,0
16,19,2,0.319206,-0.260599,-3.89202,3.14716,0.257153,0.0088271,2.69064,0
17,19,2,,,,,,,,1
18,19,2,,,,,,,,1
19,19,2,-1.30146,-2.97116,0.35865,-12.6247,0.227142,0.00383607,19.2686,0
20,19,2,0.894692,-0.669157,-1.15686,-4.61957,0.269282,0.0110684,3.66049,0
21,19,2,4.86372,-0.456402,-0.746227,-0.772086,0.268006,0.025869,2.5387,0
22,19,2,6.24894,-0.286894,-0.607506,0.672321,0.265741,0.0321254,2.1459,0
23,19,2,7.11397,-0.132551,-0.29994,1.5963,0.273878,0.0307633,2.15984,0
0,20,2,9.92558,0.0498257,3.09548,119.085,0.25005,0.00586442,2.52635,0
1,20,2,5.75307,-0.0594667,14.5319,126.654,0.249902,0.00803017,2.41764,0
2,20,2,1.04565,0.203814,10.6894,149.854,0.248032,0.00338661,21.8631,0
3,20,2,,,,,,,,1
4,20,2,,,,,,,,1
5,20,2,2.77291,-4.77054,-2.775,-38.41,0.249745,0.00325063,3.30236,0
6,20,2,4.56322,-3.66998,-4.24665,-32.7852,0.247463,0.0043259,2.74418,0
7,20,2,6.59952,0.796554,-4.4116,-17.0018,0.249461,0.0112939,2.23017,0
8,20,2,8.94245,0.24376,-2.30776,-1.24741,0.244506,0.0163651,1.97743,0
9,20,2,5.05891,3.39837,-0.694194,6.84166,0.257214,0.00975675,2.61996,0
10,20,2,6.94022,2.60285,0.322761,5.54792,0.256205,0.0120302,2.46361,0
11,20,2,1.00515,1.63814,1.23548,19.8087,0.249719,0.00884372,3.00699,0
12,20,2,,,,,,,,1
13,20,2,,,,,,,,1
14,20,2,0.157171,0.011198,1.27303,-13.8475,0.276121,0.00860715,8.9218,0
15,20,2,4.11635,0.546,-2.71584,0.715389,0.264343,0.0115639,2.83733,0
16,20,2,2.94015,0.681551,-3.05903,1.65311,0.261282,0.0144778,2.84583,0
17,20,2,4.70034,7.49312,-2.03434,8.7075,0.243526,0.00787385,2.29327,0
18,20,2,7.09815,-2.95456,-0.599173,-28.1657,0.255012,0.00236728,4.18375,0
19,20,2,2.99317,-4.68794,-0.703095,-26.8371,0.238871,0.0101582,10.981,0
20,20,2,5.18427,-2.2219,-0.819647,-8.70064,0.257238,0.009368,2.61205,0
21,20,2,6.88615,-0.77424,-0.597577,-2.73859,0.26113,0.0258867,2.2484,0
22,20,2,8.34985,-0.694052,-0.444714,-1.12505,0.260326,0.0328589,2.03995,0
23,20,2,8.97985,-0.766626,-0.271162,-0.0575725,0.25895,0.0435062,1.97935,0
0,21,2,9.9337,0.294692,-0.0538382,23.8602,0.240933,0.026607,1.82673,0
1,21,2,9.07491,2.14357,0.141633,25.5568,0.247436,0.00574756,3.184,0
2,21,2,9.2789,1.1215,0.546454,20.26,0.242979,0.014034,2.46471,0
3,21,2,10.5941,0.589636,0.00884356,9.22451,0.327012,0.00290188,112.69,0
4,21,2,10.1539,0.497283,-0.129334,10.4221,0.330904,0.0030382,108.914,0
5,21,2,1.35564,-5.51353,-2.15125,16.9721,0.2511,0.00314063,3.17126,0
6,21,2,3.24854,-5.23996,-2.01291,20.9519,0.24619,0.00105057,64.0385,0
7,21,2,,,,,,,,1
8,21,2,,,,,,,,1
9,21,2,-0.31107,4.36796,0.790318,-0.0504492,0.26444,0.0110464,4.38897,0
10,21,2,2.60487,4.12881,0.924274,10.4474,0.246494,0.0213024,2.21628,0
11,21,2,1.38473,2.99511,0.407008,16.7568,0.243043,0.0139729,2.64511,0
12,21,2,10.1458,-0.277875,-0.0712048,-6.9052,0.248599,0.0177924,2.11136,0
13,21,2,11.3733,0.0877165,-0.122396,-9.62997,0.244471,0.0212392,2.6482,0
14,21,2,2.87044,-2.57317,-1.58074,-14.8912,0.250969,0.00866295,3.22283,0
15,21,2,8.47738,-0.607613,-1.48761,-2.36637,0.257628,0.0105476,2.60679,0
16,21,2,9.50658,1.88191,-1.41497,-0.252325,0.251161,0.0110923,2.42844,0
17,21,2,10.9329,0.898859,-1.57006,-2.8342,0.244869,0.0102947,2.13485,0
18,21,2,10.9386,-4.79018,-0.826476,-12.8033,0.243915,0.0217555,1.98654,0
19,21,2,8.11914,-4.6311,-0.737066,-15.6156,0.242432,0.0174751,1.99274,0
20,21,2,8.07192,-2.08129,-0.826389,-6.31954,0.248541,0.028773,2.04491,0
21,21,2,8.93451,-0.439433,-0.560776,-3.76881,0.254988,0.029309,1.99965,0
22,21,2,9.39845,-0.0676421,-0.390331,-2.26539,0.249022,0.0586132,1.87954,0
23,21,2,9.74085,0.0310477,-0.311907,-1.29438,0.245019,0.0908682,1.83091,0
0,22,2,9.99293,0.374934,-0.0184412,22.4911,0.240758,0.0393149,1.81887,0
1,22,2,10.5089,2.78244,0.444245,21.2583,0.243185,0.0429803,2.00348,0
2,22,2,10.9669,1.40232,0.332431,16.0853,0.243533,0.0387171,1.82264,0
3,22,2,11.1553,0.0968899,0.142421,12.0804,0.241755,0.0426627,1.80987,0
4,22,2,10.8609,0.684467,0.0134847,12.4151,0.243083,0.0613719,1.79939,0
5,22,2,10.8159,1.76096,-0.101648,12.2854,0.248171,0.0207031,1.9524,0
6,22,2,12.0832,1.99818,-0.102541,9.35546,0.246243,0.0115235,2.4029,0
7,22,2,12.7873,-0.225209,0.0637697,1.83347,0.244547,0.0398835,1.96839,0
8,22,2,13.7578,-2.7896,0.0770854,-7.68936,0.242042,0.0101871,2.4201,0
9,22,2,1.14224,-0.466019,1.30535,-2.42023,0.300142,0.0060928,6.35658,0
10,22,2,7.497,1.538,0.423394,5.07526,0.273195,0.00703344,3.37315,0
11,22,2,10.1171,1.14062,0.153309,-0.740663,0.248419,0.0113061,2.34054,0
12,22,2,10.38,0.679637,-0.246998,-4.98767,0.244683,0.0282061,1.86028,0
13,22,2,11.4712,-1.18407,-0.25315,-5.13496,0.240515,0.0379981,1.80907,0
14,22,2,11.6009,-1.58786,-0.252463,-5.97891,0.239758,0.076105,1.79718,0
15,22,2,10.2624,-0.839389,-0.60139,-4.57298,0.244405,0.0277521,1.93585,0
16,22,2,11.053,0.35035,-0.526185,-4.13666,0.243359,0.0319468,1.85706,0
17,22,2,12.2232,0.636959,-0.8283,-5.41488,0.242647,0.0306356,1.92706,0
18,22,2,11.8411,-2.21703,-0.860008,-8.99147,0.248733,0.0128682,2.14855,0
19,22,2,10.4339,-2.39148,-0.798227,-6.64778,0.244915,0.0414924,1.90606,0
20,22,2,10.0353,-1.4852,-0.660047,-5.14031,0.248721,0.0366896,1.91737,0
21,22,2,9.85703,-0.84112,-0.498065,-3.57432,0.246109,0.0576588,1.85114,0
22,22,2,9.91899,-0.511776,-0.394786,-2.37351,0.2424,0.0928669,1.79655,0
23,22,2,9.98598,-0.294741,-0.311754,-1.50367,0.240759,0.13504,1.78288,0
0,23,2,10.0621,0.388108,0.096897,18.1151,0.240231,0.0695376,1.7982,0
1,23,2,10.6408,1.14811,0.174062,16.946,0.240329,0.0933873,1.7924,0
2,23,2,10.7508,1.07422,0.210872,15.4029,0.241154,0.061368,1.79633,0
3,23,2,11.0031,0.768545,0.126563,13.5638,0.239868,0.134602,1.78206,0
4,23,2,10.9919,0.763342,0.0616368,12.1768,0.23986,0.13129,1.77728,0
5,23,2,11.5867,2.42989,-0.0775726,11.5122,0.248638,0.0173305,2.03247,0
6,23,2,11.783,0.666322,0.0583297,7.95848,0.241299,0.0616433,1.79676,0
7,23,2,12.5034,0.251999,0.032898,3.59963,0.240707,0.133403,1.80436,0
8,23,2,12.6576,-0.607164,0.0640717,-0.310599,0.239717,0.0789605,1.78478,0
9,23,2,12.3232,-0.909306,0.0793959,-1.15173,0.24062,0.0404272,1.81153,0
10,23,2,11.0513,-0.15644,0.153141,-0.105296,0.24131,0.0620033,1.82801,0
11,23,2,11.3049,0.968065,0.302387,0.0526209,0.242567,0.0517762,1.8565,0
12,23,2,11.8555,-0.190298,-0.288415,-2.15378,0.239584,0.134871,1.7764,0
13,23,2,11.5278,-0.321942,-0.17274,-3.44399,0.238894,0.134682,1.77377,0
14,23,2,11.6656,-0.645697,-0.326709,-3.90794,0.240492,0.0587652,1.79209,0
15,23,2,11.2203,-0.559405,-0.586335,-3.97655,0.243896,0.0547979,1.82325,0
16,23,2,11.3625,-0.105696,-0.490624,-4.09955,0.241828,0.10817,1.79345,0
17,23,2,11.526,-0.533737,-0.475749,-4.72409,0.241029,0.103329,1.78754,0
18,23,2,11.387,-1.08072,-0.470203,-5.23622,0.239914,0.119844,1.78111,0
19,23,2,10.9529,-1.05091,-0.459873,-5.12053,0.245171,0.0451976,1.82799,0
20,23,2,10.4733,-0.858093,-0.40984,-4.33513,0.245206,0.062689,1.82346,0
21,23,2,10.2309,-0.565336,-0.342159,-3.33293,0.243579,0.0903938,1.80382,0
22,23,2,10.097,-0.347012,-0.192345,-2.40918,0.240794,0.135192,1.78112,0
23,23,2,10.1166,-0.25201,-0.173091,-1.58152,0.239449,0.134917,1.77479,0
0,0,3,10.0784,0.0419576,-0.00769558,144.245,0.238542,0.134699,1.77093,0
1,0,3,9.71504,0.41918,0.0669363,144.191,0.247691,0.0293399,1.90665,0
2,0,3,10.535,-0.449194,0.0453251,143.61,0.249293,0.0154856,2.13061,0
3,0,3,17.3209,-2.00536,0.0606309,133.082,0.253327,0.00375116,2.94361,0
4,0,3,26.9871,0.895507,0.0694368,35.5631,0.242312,0.00421846,2.15534,0
5,0,3,26.3548,1.23597,0.0555729,-101.205,0.245827,0.0110247,2.18455,0
6,0,3,23.8909,-0.20144,0.128695,-119.034,0.241443,0.0136292,1.87523,0
7,0,3,23.1236,0.18178,0.123892,-112.963,0.242225,0.00710567,1.97124,0
8,0,3,11.2019,-0.686607,0.0829545,-44.8399,0.243872,0.0181421,2.23609,0
9,0,3,7.35633,-0.376413,0.210263,-31.0055,0.241452,0.0738034,1.92731,0
10,0,3,9.22403,-0.457907,0.258693,-20.5883,0.257614,0.0171129,2.17722,0
11,0,3,6.27839,1.12073,0.212022,3.53835,0.259424,0.00442853,3.12644,0
12,0,3,2.75895,0.113836,0.22688,12.4966,0.189237,0.000206257,228.969,0
13,0,3,,,,,,,,1
14,0,3,,,,,,,,1
15,0,3,,,,,,,,1
16,0,3,,,,,,,,1
17,0,3,,,,,,,,1
18,0,3,1.91652,0.610361,-0.624579,-9.84484,0.190226,0.00165531,114.919,0
19,0,3,2.62571,-2.49197,-0.673689,-5.35847,0.272995,0.00481153,4.26742,0
20,0,3,7.44602,-1.5777,-0.637811,0.945843,0.256415,0.0169216,2.28334,0
21,0,3,8.84157,-0.886004,-0.403714,1.77526,0.246158,0.0731277,1.87352,0
22,0,3,9.19785,-0.789278,-0.307616,2.01901,0.243629,0.115641,1.82156,0
23,0,3,9.37858,-0.637351,-0.218217,2.04079,0.242444,0.10629,1.79933,0
0,1,3,10.1707,0.0849133,-0.00773527,143.265,0.238381,0.134625,1.7707,0
1,1,3,7.67244,2.18807,0.124376,144.17,0.260706,0.0142442,2.48869,0
2,1,3,7.26211,-0.977915,0.0856708,147.094,0.264654,0.0106,2.77792,0
3,1,3,5.43552,-4.01678,0.0925111,152.124,0.259927,0.0033416,3.28628,0
4,1,3,17.8541,-14.8945,0.0861917,74.8032,0.28901,0.000303686,64.0945,0
5,1,3,,,,,,,,1
6,1,3,25.3779,-1.66973,0.0850564,-137.778,0.310933,0.000823727,63.8369,0
7,1,3,11.8263,2.08294,0.105004,-86.1377,0.249859,0.00601308,3.90432,0
8,1,3,6.33242,0.235913,0.103397,-40.5661,0.260604,0.00780731,3.33987,0
9,1,3,10.5852,0.0893913,0.125947,-26.1635,0.252623,0.0248437,2.16698,0
10,1,3,9.36992,2.18617,0.203383,-12.6182,0.259776,0.0193394,2.14914,0
11,1,3,12.3843,2.14747,0.216426,-2.60785,0.245184,0.124499,1.96937,0
12,1,3,10.2951,4.35457,0.292878,3.28298,0.244614,0.00813377,2.11126,0
13,1,3,10.3532,0.497622,0.231458,-3.51837,0.246824,0.0115907,2.21736,0
14,1,3,10.1888,0.20699,0.129049,-2.42137,0.243007,0.0711814,2.0774,0
15,1,3,9.74482,0.0436012,0.0698753,-1.98545,0.239727,0.113,2.12148,0
16,1,3,10.7484,-0.214435,-0.0439588,-3.46042,0.243632,0.0416183,3.97382,0
17,1,3,11.0404,-0.101321,-0.0261964,-5.14885,0.243721,0.02641,5.22166,0
18,1,3,10.0007,-2.95126,-0.40746,-6.82049,0.243967,0.0160092,2.03569,0
19,1,3,9.37881,-1.76821,-0.412023,-3.10992,0.244218,0.025361,1.90284,0
20,1,3,8.77803,-0.506371,-0.437259,-0.186835,0.240714,0.0974732,1.80561,0
21,1,3,9.28036,-0.131757,-0.316065,0.589724,0.241018,0.0917714,1.79311,0
22,1,3,9.55863,-0.0530471,-0.224499,0.939998,0.23992,0.134821,1.77954,0
23,1,3,9.78002,-0.00338733,-0.170081,1.02288,0.23916,0.134888,1.77303,0
0,2,3,10.0173,0.519621,0.0175539,139.108,0.239505,0.0582512,1.80938,0
1,2,3,6.50552,5.85395,0.184275,140.938,0.260992,0.00962732,2.71816,0
2,2,3,4.1519,1.66976,0.109589,146.936,0.279998,0.00856465,3.5246,0
3,2,3,0.300041,0.841804,0.171426,153.67,0.238278,0.0272136,8.75583,0
4,2,3,,,,,,,,1
5,2,3,,,,,,,,1
6,2,3,,,,,,,,1
7,2,3,1.58145,-4.94829,0.41239,-53.6486,0.356398,0.00135364,27.9031,0
8,2,3,-1.17858,-0.402089,0.0432206,-33.5525,0.283801,0.00879745,3.67495,0
9,2,3,-4.46611,-2.17117,-0.0301027,-25.0659,0.290709,0.01441,3.60369,0
10,2,3,8.81195,1.83607,0.127791,-11.4143,0.263884,0.0217139,2.24456,0
11,2,3,8.64168,3.06324,0.298602,-4.00638,0.248171,0.0203357,1.95268,0
12,2,3,3.92216,1.12458,0.268931,-5.16635,0.314763,0.0161335,3.59443,0
13,2,3,8.10102,0.247282,0.126021,-0.424965,0.263369,0.0207894,2.35052,0
14,2,3,8.33401,-0.0265137,0.0976207,-0.501084,0.262716,0.0468314,1.93484,0
15,2,3,8.65491,-0.311337,0.0227572,-0.53674,0.256825,0.0573529,1.84739,0
16,2,3,9.09749,-0.637849,-0.040704,-1.04927,0.250853,0.0701283,1.82962,0
17,2,3,9.25016,-0.863071,-0.144031,-1.70738,0.246336,0.0502224,1.82574,0
18,2,3,9.12861,-1.73037,-0.418426,-1.75451,0.240809,0.11488,1.79157,0
19,2,3,8.90729,-1.10387,-0.384247,-1.05113,0.240755,0.0952357,1.78962,0
20,2,3,8.96563,-0.621335,-0.314298,-0.332432,0.242274,0.0830948,1.79316,0
21,2,3,9.15198,-0.390456,-0.237057,0.201158,0.241784,0.11264,1.78438,0
22,2,3,9.34012,-0.271752,-0.181953,0.489384,0.240828,0.135475,1.77765,0
23,2,3,9.51851,-0.227712,-0.125937,0.580932,0.240052,0.135378,1.7732,0
0,3,3,10.0038,1.57565,0.0108435,128.309,0.248538,0.0219964,2.04742,0
1,3,3,6.80264,11.6327,0.225495,131.43,0.250853,0.0187513,2.24706,0
2,3,3,5.38739,4.22847,0.121667,144.958,0.267508,0.00904399,3.00636,0
3,3,3,1.2751,2.65424,0.171462,152.121,0.272651,0.00745865,4.35355,0
4,3,3,,,,,,,,1
5,3,3,,,,,,,,1
6,3,3,,,,,,,,1
7,3,3,3.58779,3.27884,0.0522161,-43.1167,0.257322,0.00106822,52.9742,0
8,3,3,-2.51851,-4.46068,0.0522165,-34.2914,0.264646,0.0150917,3.01141,0
9,3,3,5.99163,-5.91117,0.140647,-26.4728,0.257068,0.0168333,2.46312,0
10,3,3,3.95924,-3.34835,-0.0293361,-20.5563,0.277678,0.0139437,2.96161,0
11,3,3,5.77629,-2.25725,0.132813,-14.3515,0.292248,0.0166587,3.13544,0
12,3,3,7.42622,-0.932552,0.233679,-5.90083,0.277572,0.0348414,2.24611,0
13,3,3,7.87776,-0.671746,0.164948,-3.83861,0.264684,0.0631246,2.02105,0
14,3,3,8.56937,-0.973803,0.106738,-2.49268,0.262207,0.0568186,1.9307,0
15,3,3,9.11784,-1.21421,0.022539,-1.72105,0.253374,0.0683135,1.83943,0
16,3,3,9.30736,-1.05346,-0.0712066,-1.47789,0.246291,0.123239,1.80455,0
17,3,3,9.5692,-1.19839,-0.204688,-1.53384,0.243175,0.125511,1.78909,0
18,3,3,9.5591,-1.3186,-0.309767,-1.50058,0.243723,0.0831718,1.7915,0
19,3,3,9.42211,-1.12245,-0.311436,-1.10788,0.244492,0.0842216,1.79291,0
20,3,3,9.42284,-0.881475,-0.275323,-0.639901,0.243808,0.0943251,1.78869,0
21,3,3,9.48378,-0.682919,-0.229442,-0.237362,0.242367,0.114584,1.78225,0
22,3,3,9.57063,-0.551701,-0.19054,0.0335801,0.240934,0.13565,1.77614,0
23,3,3,9.67239,-0.483215,-0.149967,0.16919,0.239742,0.135358,1.77117,0
0,4,3,10.0185,2.35022,0.0259658,105.985,0.257534,0.0153977,2.34305,0
1,4,3,8.00487,8.74679,0.139251,114.298,0.252532,0.00784899,2.38329,0
2,4,3,7.58607,11.4062,0.214755,117.639,0.24797,0.016706,2.21962,0
3,4,3,3.22423,10.1257,0.181269,129.904,0.24912,0.0033999,2.70247,0
4,4,3,,,,,,,,1
5,4,3,,,,,,,,1
6,4,3,,,,,,,,1
7,4,3,1.69395,-1.73939,-0.55358,-72.4537,0.317048,0.00288954,13.7511,0
8,4,3,5.99157,-5.85473,0.0116529,-46.7606,0.251247,0.00853565,2.51722,0
9,4,3,10.7003,-3.29718,-0.0759789,-32.2223,0.244402,0.0224011,1.98544,0
10,4,3,7.9288,-2.34219,-0.170139,-24.3184,0.260237,0.0160781,2.3998,0
11,4,3,9.29781,-1.81984,-0.0680084,-18.4699,0.264425,0.0234354,2.21582,0
12,4,3,9.89164,-1.36244,0.0710552,-9.65297,0.261819,0.0381464,1.92402,0
13,4,3,10.0084,-1.18592,0.0341963,-6.93402,0.26388,0.0431726,1.90737,0
14,4,3,10.3432,-1.13986,0.018914,-5.08024,0.259464,0.0553193,1.86795,0
15,4,3,10.5201,-1.14411,-0.0308019,-3.65446,0.25288,0.0681113,1.82975,0
16,4,3,10.3147,-1.04748,-0.0789103,-2.73277,0.246793,0.0702893,1.80136,0
17,4,3,10.1922,-0.814185,-0.174624,-2.36318,0.243605,0.116548,1.78793,0
18,4,3,10.1577,-0.859151,-0.298232,-2.07289,0.242249,0.114651,1.7821,0
19,4,3,10.0506,-0.79063,-0.320916,-1.66158,0.242314,0.101836,1.78198,0
20,4,3,9.98466,-0.690651,-0.281851,-1.21753,0.241761,0.113445,1.77964,0
21,4,3,9.95631,-0.589723,-0.2399,-0.809936,0.240803,0.13561,1.7757,0
22,4,3,9.9611,-0.513792,-0.205191,-0.483926,0.239816,0.135364,1.77163,0
23,4,3,9.98755,-0.472896,-0.176008,-0.257021,0.238944,0.135146,1.76804,0
0,5,3,10.0804,2.25292,0.0776962,82.0869,0.257939,0.0163522,2.3006,0
1,5,3,11.2165,12.7082,0.521221,80.0434,0.247234,0.0500271,2.03645,0
2,5,3,10.2181,9.06165,0.307103,82.5699,0.246018,0.0133359,2.06183,0
3,5,3,15.4015,10.732,0.408445,67.4575,0.242585,0.0207095,2.06016,0
4,5,3,19.4917,1.39007,0.426615,2.25612,0.244723,0.00447357,5.28492,0
5,5,3,17.8658,-0.845281,0.718459,-11.1555,0.245567,0.0124174,2.11858,0
6,5,3,19.1658,-1.25923,0.316464,-28.2095,0.242423,0.00846164,1.93456,0
7,5,3,12.8278,-7.21857,0.147281,-87.7045,0.245916,0.00678327,4.10154,0
8,5,3,13.5879,-3.90194,-0.254154,-37.6351,0.248576,0.0109882,2.25737,0
9,5,3,10.3611,-4.02655,-0.605332,-32.5395,0.245051,0.0254502,2.0669,0
10,5,3,10.6984,-1.95319,-0.518675,-25.5002,0.244218,0.0359634,1.9175,0
11,5,3,10.8601,-1.54047,-0.391374,-20.1929,0.242442,0.0695208,1.82561,0
12,5,3,11.0618,-1.28342,-0.135028,-12.0398,0.240204,0.13518,1.77693,0
13,5,3,11.0639,-1.19279,-0.116168,-9.13977,0.23975,0.135175,1.77363,0
14,5,3,11.1519,-1.07877,-0.087096,-6.98601,0.239358,0.135132,1.77129,0
15,5,3,11.1467,-0.978192,-0.0883535,-5.2586,0.239342,0.135139,1.77108,0
16,5,3,10.9229,-0.861269,-0.122693,-3.99572,0.240219,0.123306,1.77544,0
17,5,3,10.6519,-0.7668,-0.18349,-3.25073,0.239526,0.135187,1.77181,0
18,5,3,10.6088,-0.759924,-0.304311,-2.7447,0.239057,0.135095,1.76956,0
19,5,3,10.4861,-0.706653,-0.343757,-2.22557,0.238945,0.135088,1.76881,0
20,5,3,10.3792,-0.640115,-0.307948,-1.72895,0.238751,0.135045,1.76794,0
21,5,3,10.2921,-0.5793,-0.272967,-1.26379,0.238385,0.134958,1.76637,0
22,5,3,10.2468,-0.533997,-0.237464,-0.871252,0.237914,0.134846,1.76433,0
23,5,3,10.2234,-0.499859,-0.208569,-0.560181,0.237574,0.134772,1.76279,0
0,6,3,10.0331,1.66776,0.0848032,65.5128,0.256554,0.0219264,2.06989,0
1,6,3,11.9061,8.65359,0.688173,63.6998,0.255955,0.0110826,2.35789,0
2,6,3,14.3403,8.5725,0.762776,57.3363,0.244819,0.122958,1.99108,0
3,6,3,13.953,5.87862,0.487643,50.6354,0.245495,0.0115474,2.10445,0
4,6,3,17.2272,2.62439,0.702981,28.2337,0.247964,0.0104672,2.21353,0
5,6,3,19.7991,-3.19634,1.31978,8.736,0.24344,0.0516001,1.97773,0
6,6,3,19.4209,-1.83199,0.420005,-15.6748,0.243099,0.0179526,1.92896,0
7,6,3,17.5286,-4.12093,-0.0863648,-33.0385,0.245553,0.00780399,2.13049,0
8,6,3,16.201,-2.50075,-0.408939,-28.7113,0.246704,0.013314,2.06595,0
9,6,3,13.1847,-2.41633,-0.563122,-28.5444,0.248161,0.0133926,2.1214,0
10,6,3,11.0216,-1.4388,-1.12062,-24.3863,0.246903,0.0326039,1.99362,0
11,6,3,10.931,-1.54331,-0.90486,-20.055,0.247263,0.0538987,1.91047,0
12,6,3,10.7703,-1.26126,-0.614132,-16.1988,0.245665,0.0814978,1.82417,0
13,6,3,10.9637,-1.16516,-0.337196,-10.0574,0.239678,0.135099,1.7741,0
14,6,3,10.9161,-0.964771,-0.303728,-7.82911,0.239793,0.13519,1.77375,0
15,6,3,10.9326,-0.812841,-0.250343,-6.04524,0.239524,0.135121,1.77266,0
16,6,3,10.764,-0.683769,-0.237526,-4.7211,0.239967,0.132838,1.77498,0
17,6,3,10.5512,-0.584389,-0.259408,-3.85797,0.239435,0.135125,1.77195,0
18,6,3,10.542,-0.556126,-0.37191,-3.24012,0.238897,0.135019,1.76936,0
19,6,3,10.4509,-0.515716,-0.417366,-2.65519,0.238635,0.134974,1.76801,0
20,6,3,10.3554,-0.488053,-0.37824,-2.08744,0.238541,0.134974,1.76731,0
21,6,3,10.2785,-0.480964,-0.326423,-1.54469,0.238279,0.134914,1.76615,0
22,6,3,10.2336,-0.472044,-0.282655,-1.08281,0.23795,0.134844,1.76463,0
23,6,3,10.2153,-0.459412,-0.24979,-0.708774,0.237679,0.13479,1.76333,0
0,7,3,10.0625,1.22825,0.111098,54.3176,0.247483,0.0286043,1.93444,0
1,7,3,11.4917,6.21911,0.841198,52.8721,0.256201,0.0169519,2.22261,0
2,7,3,13.4753,5.73607,1.0001,48.3443,0.256202,0.0151909,2.29317,0
3,7,3,15.1147,3.83409,1.32804,40.1855,0.255443,0.0170938,2.26101,0
4,7,3,16.2901,0.175417,1.76981,31.3609,0.252815,0.0173428,2.26014,0
5,7,3,15.1058,-2.05591,1.1012,21.2734,0.251646,0.0104825,2.27641,0
6,7,3,17.0989,-3.18073,0.997045,8.35378,0.248954,0.00883413,2.26722,0
7,7,3,18.1278,-1.83419,0.49271,-19.0372,0.240175,0.0313209,1.84585,0
8,7,3,15.9465,-0.169259,-0.740238,-30.9207,0.244169,0.0144254,2.02071,0
9,7,3,15.0494,1.05175,-0.912604,-31.1117,0.246834,0.0110712,2.17071,0
10,7,3,12.0577,-1.08515,-1.34231,-22.701,0.248095,0.0215056,2.0813,0
11,7,3,10.2088,-0.97993,-1.93646,-19.3991,0.257354,0.02241,2.12863,0
12,7,3,10.5046,-1.17068,-1.31159,-15.7271,0.257129,0.0445122,1.95257,0
13,7,3,10.5596,-0.962587,-0.587569,-9.88282,0.243946,0.0863887,1.79247,0
14,7,3,10.4889,-0.681011,-0.535064,-7.77259,0.24306,0.102266,1.78797,0
15,7,3,10.5444,-0.58736,-0.469317,-6.09858,0.242254,0.101959,1.78455,0
16,7,3,10.4071,-0.427766,-0.479199,-4.84875,0.241253,0.110982,1.7807,0
17,7,3,10.2642,-0.504881,-0.433845,-4.0281,0.240299,0.13531,1.77591,0
18,7,3,10.3,-0.459397,-0.508074,-3.40868,0.239476,0.135141,1.77205,0
19,7,3,10.2573,-0.437662,-0.586699,-2.81406,0.23984,0.132961,1.77337,0
20,7,3,10.1723,-0.421783,-0.550717,-2.20687,0.240006,0.135314,1.7737,0
21,7,3,10.1355,-0.440398,-0.456895,-1.60069,0.23973,0.135274,1.77218,0
22,7,3,10.1224,-0.450913,-0.381914,-1.08731,0.239146,0.135146,1.76954,0
23,7,3,10.1363,-0.448011,-0.335054,-0.682501,0.238542,0.135007,1.76689,0
0,8,3,10.0565,0.841802,0.162004,46.9419,0.24324,0.0399215,1.85115,0
1,8,3,11.0069,4.32577,1.04478,45.9359,0.254215,0.0237314,2.02644,0
2,8,3,12.278,3.87293,1.2286,43.0876,0.257663,0.0219708,2.10792,0
3,8,3,13.0695,2.56422,1.61731,38.5634,0.259377,0.0200981,2.17233,0
4,8,3,12.8099,0.81706,2.34558,34.4108,0.262697,0.015307,2.41582,0
5,8,3,11.6399,-1.12564,1.79831,32.7316,0.258712,0.00973125,2.47545,0
6,8,3,4.78511,-0.243002,2.03165,48.3919,0.263155,0.00517592,3.22283,0
7,8,3,,,,,,,,1
8,8,3,,,,,,,,1
9,8,3,2.31088,3.08173,-2.03069,-37.6937,0.254695,0.00654226,3.06176,0
10,8,3,9.12169,2.00282,-2.86535,-24.4826,0.254186,0.00725908,2.63586,0
11,8,3,7.52227,-0.0402265,-3.2255,-19.0628,0.265968,0.0139476,2.71301,0
12,8,3,9.10477,-0.623984,-1.93499,-15.0653,0.269915,0.0226309,2.45757,0
13,8,3,9.96208,-0.770319,-0.681715,-9.31669,0.250432,0.0769255,1.82093,0
14,8,3,10.0533,-0.568102,-0.702092,-7.36823,0.247352,0.087864,1.80678,0
15,8,3,10.2658,-0.549853,-0.630891,-5.89007,0.244162,0.0885945,1.79264,0
16,8,3,10.1728,-0.461454,-0.792315,-4.76755,0.242355,0.102375,1.78531,0
17,8,3,10.06,-0.484117,-0.757351,-4.05849,0.239989,0.135234,1.77462,0
18,8,3,10.1194,-0.472499,-0.849661,-3.47333,0.239158,0.135067,1.77066,0
19,8,3,10.1284,-0.470719,-0.86387,-2.83987,0.239287,0.135108,1.77107,0
20,8,3,10.0791,-0.467591,-0.813282,-2.21493,0.242143,0.0874609,1.78271,0
21,8,3,10.0554,-0.493121,-0.66323,-1.55325,0.241889,0.107303,1.78106,0
22,8,3,10.0814,-0.507323,-0.543256,-1.00039,0.240865,0.135577,1.77659,0
23,8,3,10.1276,-0.501657,-0.468521,-0.583615,0.239852,0.135338,1.77225,0
0,9,3,10.0541,0.583569,0.203639,42.1055,0.241403,0.0548954,1.81188,0
1,9,3,10.6885,2.95202,1.26073,41.4046,0.249076,0.032545,1.90475,0
2,9,3,11.4658,2.62731,1.47218,39.6142,0.2521,0.0321478,1.94432,0
3,9,3,11.9344,1.93414,1.83908,37.0271,0.252273,0.0353143,1.94499,0
4,9,3,11.4882,1.31941,2.59976,34.8899,0.252497,0.0312059,1.9764,0
5,9,3,9.63717,0.895936,2.20083,36.7518,0.254441,0.0115116,2.26252,0
6,9,3,10.1185,3.62259,3.12426,34.8372,0.245511,0.0208158,2.01504,0
7,9,3,1.44088,3.74839,4.13923,55.2629,0.249064,0.00506569,2.71545,0
8,9,3,,,,,,,,1
9,9,3,1.50552,-1.47326,-1.31385,-40.2393,0.263374,0.00742263,3.53283,0
10,9,3,4.76484,-2.16627,-3.12103,-26.0784,0.260677,0.00777241,2.92348,0
11,9,3,5.96784,-2.05668,-3.35042,-18.8932,0.269249,0.012686,2.85528,0
12,9,3,8.59412,-1.93001,-1.88254,-14.7272,0.27276,0.0175939,2.6888,0
13,9,3,10.0265,-1.37931,-0.475494,-9.25957,0.264473,0.0482484,2.00965,0
14,9,3,10.4066,-1.2862,-0.597804,-7.51053,0.258137,0.0590041,1.90888,0
15,9,3,10.612,-1.11501,-0.516561,-6.15193,0.25123,0.0662452,1.8233,0
16,9,3,10.6591,-1.0108,-0.754487,-5.15675,0.248558,0.0762403,1.81152,0
17,9,3,10.721,-0.923963,-0.83266,-4.41765,0.24638,0.0743107,1.80223,0
18,9,3,10.4501,-0.854799,-1.01021,-3.70704,0.245791,0.0758327,1.79945,0
19,9,3,10.4264,-0.792621,-1.04642,-3.02065,0.243647,0.0892041,1.79216,0
20,9,3,10.3043,-0.761316,-0.933352,-2.31219,0.246166,0.0683671,1.80128,0
21,9,3,10.229,-0.750953,-0.714932,-1.55846,0.244886,0.0838687,1.79419,0
22,9,3,10.2452,-0.73618,-0.566427,-0.951805,0.242998,0.105845,1.78572,0
23,9,3,10.2883,-0.70438,-0.477015,-0.522777,0.241411,0.130196,1.77881,0
0,10,3,10.0532,0.411952,0.248402,39.1495,0.240362,0.0706098,1.79456,0
1,10,3,10.4654,1.88907,1.4668,38.6713,0.246139,0.040709,1.85142,0
2,10,3,11.054,1.60435,1.68465,37.4722,0.249504,0.0367928,1.89127,0
3,10,3,11.639,1.22259,2.01174,35.6099,0.249377,0.0423218,1.88575,0
4,10,3,11.9016,1.54847,2.4917,33.4651,0.247777,0.0510698,1.86612,0
5,10,3,11.1959,2.20408,2.22199,31.4345,0.246451,0.0213247,1.94137,0
6,10,3,12.1699,2.96338,3.11348,22.4637,0.247902,0.0128522,2.09085,0
7,10,3,11.3306,5.07911,3.05054,25.2839,0.249312,0.00839395,2.2841,0
8,10,3,0.989994,6.70469,2.83564,47.8048,0.281689,0.000183009,205.113,0
9,10,3,10.0362,-5.44924,0.184464,-40.85,0.257886,0.0036625,8.80279,0
10,10,3,5.43592,-3.20438,-2.49341,-25.8678,0.258022,0.00772225,2.81921,0
11,10,3,7.10368,-3.59315,-2.55995,-17.7239,0.263547,0.0160003,2.55394,0
12,10,3,9.70393,-2.5795,-1.5254,-14.0749,0.266443,0.0205569,2.36964,0
13,10,3,10.8179,-1.28951,-0.320732,-9.52682,0.258168,0.0522004,1.93014,0
14,10,3,11.097,-1.2069,-0.361815,-8.03364,0.246281,0.0754962,1.8026,0
15,10,3,11.2059,-1.28215,-0.488991,-6.76194,0.244347,0.0923169,1.79363,0
16,10,3,11.2371,-1.08116,-0.475905,-5.79903,0.24393,0.0883014,1.7914,0
17,10,3,11.1715,-0.979,-0.540615,-4.97615,0.242293,0.108408,1.78451,0
18,10,3,10.9532,-1.08237,-0.815047,-4.14528,0.241625,0.116256,1.78152,0
19,10,3,10.8322,-0.979497,-0.842394,-3.33081,0.241071,0.107595,1.78132,0
20,10,3,10.6202,-0.931147,-0.724933,-2.48385,0.242113,0.0870776,1.78601,0
21,10,3,10.4734,-0.910007,-0.518425,-1.61964,0.241423,0.119733,1.78088,0
22,10,3,10.4575,-0.892496,-0.386381,-0.934361,0.240319,0.135363,1.77537,0
23,10,3,10.496,-0.853595,-0.309741,-0.485034,0.23952,0.135206,1.77153,0
0,11,3,10.0345,0.241692,0.295238,37.5142,0.240041,0.0905417,1.78492,0
1,11,3,10.2404,1.03465,1.73767,37.2308,0.243923,0.0498515,1.82411,0
2,11,3,10.7678,0.539128,1.92044,36.5107,0.248611,0.0335199,1.90142,0
3,11,3,11.776,0.166871,2.05962,34.9184,0.24812,0.0365492,1.91325,0
4,11,3,12.6776,-0.164461,1.47128,31.9818,0.246313,0.0296104,2.0282,0
5,11,3,12.7253,1.42459,2.25134,23.3314,0.243713,0.0329218,1.85615,0
6,11,3,13.3298,2.51912,2.4691,17.7262,0.246973,0.0152492,2.0219,0
7,11,3,13.807,4.27563,2.2075,16.9542,0.248548,0.00878534,2.22427,0
8,11,3,14.9108,2.00013,0.695069,-8.54887,0.246691,0.0114166,2.10602,0
9,11,3,13.6911,-4.56216,-0.0695403,-20.1881,0.241714,0.0147352,2.00233,0
10,11,3,11.9733,-1.81543,-0.0457949,-15.3777,0.244922,0.024281,2.04486,0
11,11,3,10.6308,-2.87968,-0.905389,-13.7337,0.25711,0.0199728,2.21922,0
12,11,3,11.4314,-1.88048,-0.492035,-11.6065,0.258132,0.0305121,2.07399,0
13,11,3,11.6813,-0.804333,-0.0489342,-8.71623,0.249201,0.0782891,1.84857,0
14,11,3,11.7151,-0.681867,-0.124196,-7.682,0.242036,0.103187,1.78454,0
15,11,3,11.6754,-0.74487,-0.222367,-6.71115,0.24037,0.135283,1.7768,0
16,11,3,11.5444,-0.637728,-0.246254,-5.85486,0.240291,0.131907,1.77604,0
17,11,3,11.3976,-0.57127,-0.362001,-5.0452,0.239764,0.135168,1.77382,0
18,11,3,11.2169,-0.76403,-0.623086,-4.24351,0.23975,0.135155,1.7739,0
19,11,3,10.9852,-0.704583,-0.647034,-3.38341,0.239474,0.134986,1.77407,0
20,11,3,10.6798,-0.726186,-0.483823,-2.42742,0.241605,0.0816218,1.78554,0
21,11,3,10.4773,-0.798757,-0.294081,-1.44901,0.241243,0.114794,1.78229,0
22,11,3,10.4685,-0.907369,-0.179932,-0.682444,0.240357,0.135202,1.77776,0
23,11,3,10.4599,-0.941803,-0.204529,0.448201,0.239958,0.114576,1.78601,0
0,12,3,10.0034,0.144856,0.33473,36.7192,0.240431,0.0958406,1.78312,0
1,12,3,9.77414,0.640689,2.08068,36.735,0.243932,0.053858,1.81681,0
2,12,3,8.61315,-0.151216,1.38079,38.6322,0.249026,0.0225459,1.95666,0
3,12,3,10.0714,-2.32322,1.39065,38.74,0.251595,0.0124654,2.2552,0
4,12,3,13.2513,-0.273341,1.31917,25.141,0.239941,0.0123246,5.90323,0
5,12,3,13.6291,0.652157,2.13373,17.7395,0.248469,0.0177389,2.05067,0
6,12,3,14.2127,0.778446,2.18024,14.1973,0.250351,0.0127029,2.29669,0
7,12,3,14.4906,5.33917,1.09114,-11.3498,0.242522,0.00941564,1.98274,0
8,12,3,13.4543,2.7956,0.492391,-9.09155,0.247765,0.00854179,2.24857,0
9,12,3,13.3526,0.0792982,0.0760148,-9.18849,0.248204,0.0173971,2.14467,0
10,12,3,12.3552,-3.02341,-0.208242,-9.79672,0.24496,0.0411687,1.97744,0
11,12,3,12.2422,-2.04307,0.115651,-9.00069,0.253779,0.0281824,1.99777,0
12,12,3,12.0412,-1.62817,0.214573,-8.09451,0.250951,0.0456244,1.89224,0
13,12,3,12.1811,-0.0250794,0.131107,-4.35583,0.239282,0.134968,1.77287,0
14,12,3,11.9338,-0.505879,-0.122344,-6.25154,0.240737,0.121487,1.77895,0
15,12,3,11.7645,-0.637082,-0.244469,-5.74314,0.239938,0.135181,1.77493,0
16,12,3,11.5607,-0.497736,-0.294981,-5.19083,0.240416,0.116937,1.7769,0
17,12,3,11.2749,-0.773554,-0.477429,-4.62379,0.241145,0.108057,1.7805,0
18,12,3,10.9458,-0.823902,-0.638844,-3.98116,0.240322,0.132119,1.77695,0
19,12,3,10.6864,-0.745167,-0.628505,-3.16912,0.240255,0.111715,1.77911,0
20,12,3,10.3489,-0.769399,-0.425924,-2.13886,0.242734,0.0697357,1.79531,0
21,12,3,9.75821,-1.00486,-0.152583,0.818669,0.244795,0.0441615,1.83118,0
22,12,3,10.1537,-1.43488,-0.0763571,0.955464,0.242888,0.0412132,1.821,0
23,12,3,10.5367,-2.17469,-0.104898,2.14235,0.24376,0.0316178,1.91737,0
0,13,3,9.99135,0.0867085,0.323469,35.9719,0.239975,0.103653,1.78176,0
1,13,3,9.08307,0.800503,2.46123,36.3763,0.246249,0.0484698,1.82875,0
2,13,3,8.70773,0.487241,1.78204,37.6089,0.247231,0.023463,1.94598,0
3,13,3,4.89647,1.3743,1.14113,46.7633,0.257579,0.0056946,2.87311,0
4,13,3,,,,,,,,1
5,13,3,,,,,,,,1
6,13,3,,,,,,,,1
7,13,3,-1.61151,0.116671,-0.386985,-19.0974,0.267469,0.00515653,9.19054,0
8,13,3,6.90418,4.01846,0.0127731,-9.38156,0.266364,0.00608745,4.36662,0
9,13,3,9.6447,-1.29593,-0.150432,-3.40187,0.263343,0.0136187,2.66129,0
10,13,3,10.9291,-2.07157,-0.0185613,-2.49439,0.246093,0.0601776,1.92041,0
11,13,3,11.5415,-1.87135,0.273339,-2.36221,0.247226,0.0532761,1.82142,0
12,13,3,11.8829,-1.49759,0.36646,-2.69273,0.247166,0.0727327,1.81349,0
13,13,3,11.9646,-0.661955,-0.00863803,-3.61346,0.242185,0.118097,1.78725,0
14,13,3,11.7289,-0.514466,-0.241681,-3.92408,0.2414,0.086891,1.78513,0
15,13,3,11.3274,-0.473294,-0.359318,-3.98741,0.240732,0.11573,1.78075,0
16,13,3,11.2953,-0.0527167,-0.420197,-4.22583,0.240959,0.0971261,1.77968,0
17,13,3,10.9341,-0.31856,-0.562064,-4.08766,0.242463,0.0906671,1.78598,0
18,13,3,10.6617,-0.533462,-0.684898,-3.63771,0.241621,0.110264,1.78306,0
19,13,3,10.3359,-0.525752,-0.614803,-2.83714,0.241276,0.0954767,1.78554,0
20,13,3,9.9405,-0.61078,-0.37221,-1.6984,0.244523,0.0563386,1.81339,0
21,13,3,8.44564,-0.974717,-0.0273424,2.72335,0.247827,0.0259323,1.92896,0
22,13,3,6.00066,-2.2888,0.225703,8.13823,0.258203,0.00993787,2.57924,0
23,13,3,6.69936,-5.00878,-0.00214159,13.5075,0.251682,0.0023995,3.16041,0
0,14,3,10.0931,-0.171417,0.655467,34.2418,0.241877,0.0436698,1.84506,0
1,14,3,11.2649,0.875052,3.26757,32.957,0.248118,0.0280774,1.95953,0
2,14,3,9.69159,1.65325,1.5057,35.6917,0.251301,0.0179722,2.0642,0
3,14,3,12.6701,3.94675,1.19096,28.4179,0.245501,0.0207525,2.07052,0
4,14,3,14.3178,4.65779,0.837632,21.3426,0.250507,0.00319265,20.2274,0
5,14,3,13.7426,0.307455,0.450918,4.30694,0.240762,0.0675444,1.80136,0
6,14,3,14.5048,-0.154885,0.153045,-5.2025,0.242943,0.0717799,3.38456,0
7,14,3,14.6096,-0.19122,0.192596,-7.90559,0.239504,0.105468,2.27086,0
8,14,3,11.3728,-2.31268,-0.00349718,-11.1955,0.243034,0.0125962,2.08631,0
9,14,3,10.9847,-1.352,0.041256,-2.55829,0.243869,0.0669418,1.86543,0
10,14,3,11.773,-1.18514,0.356597,-1.68469,0.245676,0.0473354,1.82458,0
11,14,3,12.3747,-1.15648,0.506633,-1.76389,0.244756,0.0628291,1.82048,0
12,14,3,12.1708,-0.341094,0.129631,-3.49758,0.242183,0.0857776,1.78946,0
13,14,3,12.1523,-0.248356,-0.070987,-3.81603,0.240981,0.105197,1.78217,0
14,14,3,11.9384,0.629251,-0.500633,-5.04756,0.244289,0.0519223,1.82418,0
15,14,3,11.5218,0.376199,-0.470711,-4.93762,0.248936,0.0442799,1.84942,0
16,14,3,11.1594,0.182048,-0.451984,-4.55833,0.246594,0.0724378,1.81881,0
17,14,3,10.9172,0.0746239,-0.475015,-4.19439,0.244286,0.102805,1.80022,0
18,14,3,10.6538,-0.0091574,-0.483905,-3.64501,0.24355,0.0972648,1.79285,0
19,14,3,10.2516,-0.0233733,-0.359547,-2.70903,0.243254,0.0800733,1.79649,0
20,14,3,9.77315,0.0136407,-0.151568,-1.37539,0.246644,0.0484408,1.83461,0
21,14,3,8.2545,0.209306,0.0546566,3.12065,0.249217,0.0219377,1.98091,0
22,14,3,4.09415,1.29979,0.345762,9.64022,0.258973,0.0116337,2.77517,0
23,14,3,0.155713,0.279527,-0.00418425,18.75,0.229878,0.0102377,13.3075,0
0,15,3,10.2132,-0.633141,1.1602,37.2555,0.249322,0.0172469,2.19271,0
1,15,3,11.7454,-0.205507,2.88319,31.6247,0.249413,0.0191807,2.10566,0
2,15,3,11.8413,1.49668,1.8784,29.1002,0.248456,0.0207334,1.9826,0
3,15,3,13.2317,2.32706,1.22831,23.9,0.248537,0.0159684,2.06614,0
4,15,3,14.1175,0.780753,0.867499,12.107,0.242775,0.0348665,1.8852,0
5,15,3,13.536,0.50377,0.470255,5.3095,0.241518,0.0612346,1.80315,0
6,15,3,13.7189,0.10846,0.0758479,-2.33777,0.241742,0.0389705,1.81162,0
7,15,3,13.6824,-0.403221,0.0175185,-3.61468,0.241158,0.0445529,1.81291,0
8,15,3,11.847,-0.797305,-0.0545468,-3.3343,0.242487,0.0341344,1.86555,0
9,15,3,11.3549,-1.18321,0.313357,-0.611771,0.246449,0.0421414,1.88649,0
10,15,3,11.6954,-1.0636,0.805738,-0.0961236,0.243123,0.0358286,1.85659,0
11,15,3,12.3337,-0.565757,0.362656,-2.49081,0.242145,0.0752887,1.80171,0
12,15,3,12.4329,-0.374257,0.0840298,-3.75811,0.239964,0.0880713,1.78421,0
13,15,3,12.4171,0.325821,-0.29019,-6.03555,0.239883,0.0706679,1.78734,0
14,15,3,12.2033,0.428123,-0.547077,-6.02267,0.240169,0.113085,1.79392,0
15,15,3,10.9569,1.14587,-1.1095,-6.18168,0.244872,0.0442808,1.87648,0
16,15,3,10.9679,0.609663,-0.769893,-5.43474,0.243179,0.0839492,1.81068,0
17,15,3,10.9317,0.372861,-0.597568,-4.78151,0.241331,0.134796,1.79034,0
18,15,3,10.7656,0.34817,-0.517784,-4.09171,0.241587,0.106342,1.78621,0
19,15,3,10.4283,0.356479,-0.397186,-3.10506,0.24266,0.0748131,1.7959,0
20,15,3,10.0377,0.420328,-0.194655,-1.81607,0.244378,0.0607139,1.8131,0
21,15,3,9.59132,0.665136,0.0280608,-0.301755,0.248436,0.0459755,1.85181,0
22,15,3,9.15242,1.63054,0.262872,1.33077,0.245753,0.0542017,1.85933,0
23,15,3,10.5908,2.15655,0.0559662,2.50668,0.245132,0.0124741,2.54016,0
0,16,3,9.97745,-0.524616,1.20935,38.5917,0.248231,0.0127669,2.12684,0
1,16,3,11.3708,-1.22685,4.47132,37.7219,0.250456,0.00730393,2.41472,0
2,16,3,12.7844,-0.207587,2.52519,24.1768,0.242075,0.0224099,1.8715,0
3,16,3,12.7239,0.349575,2.07018,16.308,0.242061,0.0657903,1.79387,0
4,16,3,13.3142,0.75292,1.50303,8.93527,0.243476,0.0283137,1.83295,0
5,16,3,13.5629,0.822146,0.995381,3.28444,0.241901,0.0317691,1.80876,0
6,16,3,13.6968,0.879162,0.456199,-0.654339,0.241621,0.0323657,1.80615,0
7,16,3,13.6883,1.29542,-0.288294,-3.57956,0.241587,0.0164604,1.87841,0
8,16,3,11.3801,0.552637,-0.568094,-0.449972,0.246744,0.028159,2.04019,0
9,16,3,10.3096,-0.613758,0.514626,1.12385,0.251109,0.0239196,2.0608,0
10,16,3,10.77,-0.50399,1.45274,3.02515,0.247284,0.0196962,2.02703,0
11,16,3,12.3915,-0.676523,0.595829,-3.90028,0.242506,0.0124734,2.1287,0
12,16,3,11.4704,-0.273628,-0.191628,-9.42621,0.240139,0.0504198,2.01229,0
13,16,3,12.058,-0.0888953,-0.270726,-11.7186,0.245335,0.0188278,2.13665,0
14,16,3,11.9093,0.706833,-2.75937,-9.17404,0.243449,0.0165044,2.00287,0
15,16,3,8.33799,3.27448,-2.11204,-12.6492,0.253373,0.00783042,2.96829,0
16,16,3,11.1161,0.849741,-1.40934,-7.38367,0.246545,0.0306974,1.9753,0
17,16,3,11.2087,0.48297,-0.907262,-5.12691,0.242191,0.0766772,1.78788,0
18,16,3,11.0213,0.519429,-0.896325,-4.40323,0.241631,0.0736905,1.7895,0
19,16,3,10.7168,1.06928,-0.780991,-3.64719,0.242399,0.0352855,1.83068,0
20,16,3,9.87856,1.16825,-0.487604,-2.35556,0.242864,0.0613196,1.81845,0
21,16,3,9.70753,0.963894,-0.269488,-1.03513,0.242544,0.0896893,1.79906,0
22,16,3,9.74732,1.19711,-0.0705562,0.10228,0.24411,0.0739858,1.80572,0
23,16,3,10.2545,0.885071,-0.117253,1.12605,0.241883,0.0723365,1.80558,0
0,17,3,10.1156,-0.670488,2.45675,59.1593,0.248985,0.00678611,2.40833,0
1,17,3,11.914,-2.50371,8.83779,55.2555,0.244955,0.00320839,2.36116,0
2,17,3,12.9409,-0.135977,0.872167,6.95983,0.242938,0.0125779,2.07486,0
3,17,3,13.0436,-0.646325,0.575825,0.412543,0.246257,0.0162001,2.94235,0
4,17,3,12.6892,0.458845,0.61523,-0.338247,0.245065,0.0195649,3.09696,0
5,17,3,13.2765,0.9822,-0.252957,-2.09664,0.246057,0.0197291,2.69701,0
6,17,3,13.7747,1.30906,-0.213405,-3.64145,0.240593,0.0473767,2.08605,0
7,17,3,15.4722,1.35187,0.195457,-9.83866,0.242985,0.0172364,14.0972,0
8,17,3,10.9525,0.58591,-0.540553,-0.0571524,0.252469,0.0162431,2.25043,0
9,17,3,9.43339,-0.00352276,1.03934,2.27885,0.259175,0.0178206,2.33985,0
10,17,3,8.06934,-0.480313,2.72912,9.4639,0.257352,0.00872705,2.62154,0
11,17,3,1.91202,-1.06267,7.55714,15.3686,0.248984,0.00400246,9.34413,0
12,17,3,10.9169,-0.143889,0.304877,-11.2296,0.244824,0.0136084,2.25715,0
13,17,3,12.1921,-0.385304,0.329673,-14.2295,0.24578,0.0127162,3.77474,0
14,17,3,11.6214,-0.364517,-3.41782,-11.2793,0.241215,0.0201661,1.9244,0
15,17,3,8.77174,-0.409119,-3.33592,-13.4824,0.252436,0.00797722,2.94582,0
16,17,3,10.6691,-0.441038,-2.40287,-10.314,0.24488,0.013581,2.02286,0
17,17,3,11.2266,0.454791,-1.21344,-6.78516,0.241758,0.0884509,1.81022,0
18,17,3,10.8845,0.674646,-1.15647,-5.13821,0.249659,0.0334746,1.86379,0
19,17,3,11.22,1.07716,-0.912577,-5.35747,0.240913,0.0417764,1.81107,0
20,17,3,9.57904,1.55357,-0.786147,-3.21348,0.247582,0.0241543,2.0233,0
21,17,3,9.19399,1.09636,-0.390249,-1.47973,0.246306,0.0446969,1.86567,0
22,17,3,9.56375,0.965424,-0.20285,-0.403897,0.243737,0.0729439,1.8168,0
23,17,3,9.89052,0.914074,-0.0469805,0.226054,0.242156,0.0949053,1.80138,0
0,18,3,10.1925,-0.150246,3.00686,68.5593,0.249624,0.00619268,2.50225,0
1,18,3,13.1726,-1.31625,15.5632,56.1464,0.245809,0.00219723,4.61482,0
2,18,3,14.5303,-1.09768,0.939247,2.78279,0.242421,0.0102952,2.06487,0
3,18,3,14.1481,0.670411,0.180673,-0.529195,0.246418,0.0215442,1.99629,0
4,18,3,13.8101,0.660547,0.195279,-3.11083,0.243813,0.0452823,2.16231,0
5,18,3,14.3618,1.82539,-0.370396,-6.18306,0.247753,0.0216764,2.5247,0
6,18,3,13.6268,1.873,-0.0386851,-10.2137,0.24309,0.0155269,2.88967,0
7,18,3,15.5225,1.43213,-2.08628,-15.9825,0.241728,0.00367926,6.03597,0
8,18,3,10.1929,0.801486,-0.560639,-0.201296,0.252728,0.0142569,2.28746,0
9,18,3,10.574,0.729312,1.02976,3.58807,0.248961,0.0231715,2.0721,0
10,18,3,7.5969,0.192836,2.96452,10.6068,0.256589,0.00884532,2.65584,0
11,18,3,1.25726,-0.282718,7.80791,15.4857,0.245757,0.0074302,9.27243,0
12,18,3,10.8703,-0.230886,0.264798,-11.1713,0.244683,0.01392,2.26056,0
13,18,3,12.1025,-0.37796,0.32767,-14.0156,0.245231,0.0144265,3.6907,0
14,18,3,10.7756,-0.851242,-3.30236,-9.12819,0.243904,0.0106037,2.17819,0
15,18,3,8.80984,-2.21946,-2.43355,-5.01941,0.247651,0.00701216,2.31478,0
16,18,3,0.75444,1.26445,-3.13002,5.9779,0.242079,0.0106337,2.50221,0
17,18,3,10.3285,0.0544136,-1.58632,-9.65582,0.247039,0.0242972,2.6536,0
18,18,3,11.2245,0.260318,-1.1186,-8.46569,0.244362,0.0122961,5.53723,0
19,18,3,11.6458,0.450153,-0.990799,-9.29506,0.242514,0.0148101,7.9895,0
20,18,3,7.82288,3.16493,-0.817731,-6.18371,0.252083,0.00944548,2.46231,0
21,18,3,7.78646,1.74675,-0.635001,-1.56866,0.259821,0.0260908,2.29236,0
22,18,3,8.92431,1.41449,-0.375682,-0.314228,0.258897,0.0330042,2.01197,0
23,18,3,9.47099,1.2382,-0.227196,0.432281,0.25636,0.0451955,1.93969,0
0,19,3,10.0897,0.491526,2.70013,50.7922,0.249259,0.00638454,2.46359,0
1,19,3,11.7899,2.06552,9.36473,50.5552,0.24915,0.00442219,2.58984,0
2,19,3,18.968,-0.652466,2.69219,-3.42484,0.241432,0.0126084,3.45106,0
3,19,3,12.8501,0.6226,0.517485,-7.15726,0.250605,0.0165021,2.14206,0
4,19,3,13.8995,0.619288,0.103622,-8.31853,0.255112,0.0177799,3.30594,0
5,19,3,14.6246,1.38439,0.180995,-19.3777,0.251356,0.00591603,6.24891,0
6,19,3,12.8815,1.40443,-5.77792,-19.8819,0.246932,0.00654872,2.37388,0
7,19,3,11.6342,0.523346,-2.15577,-10.6064,0.245828,0.0159515,2.11968,0
8,19,3,10.1555,1.08003,-0.395431,-1.34046,0.246919,0.0210067,2.02175,0
9,19,3,10.3441,1.53087,0.351927,0.813229,0.245664,0.0183241,2.00218,0
10,19,3,9.85509,1.2075,1.19935,3.87104,0.246881,0.016988,2.09814,0
11,19,3,1.09117,0.433589,7.81196,14.2426,0.24462,0.00963836,9.02356,0
12,19,3,10.5685,0.421386,0.287564,-10.8586,0.246588,0.0119248,2.33796,0
13,19,3,11.5089,0.0958827,-1.06922,-8.36306,0.239826,0.0923363,1.79035,0
14,19,3,10.1588,-0.00992089,-2.99941,-7.14133,0.243434,0.0121547,2.1613,0
15,19,3,3.78843,0.378777,-2.66174,-0.875554,0.258277,0.010087,2.83617,0
16,19,3,1.82821,0.772661,-3.01279,5.84094,0.254688,0.00731342,2.71062,0
17,19,3,,,,,,,,1
18,19,3,,,,,,,,1
19,19,3,0.478334,-2.95098,2.31416,-17.4817,0.230157,0.00561207,19.2332,0
20,19,3,2.54263,-0.544515,-2.01056,-6.17475,0.268972,0.0100441,3.01857,0
21,19,3,6.36689,-0.0919508,-1.53004,-2.09448,0.26953,0.0229432,2.48382,0
22,19,3,7.69806,0.00801987,-1.20343,-0.695196,0.270508,0.0271501,2.19409,0
23,19,3,8.34337,0.0384519,-1.00351,0.21431,0.272675,0.0342491,2.09771,0
0,20,3,9.84536,-0.150334,4.66146,71.3915,0.253676,0.00217437,7.48831,0
1,20,3,11.6152,3.74706,9.55359,44.9131,0.248564,0.00470687,2.52423,0
2,20,3,17.0204,1.49036,6.07573,6.98634,0.243122,0.00335135,2.28281,0
3,20,3,11.6339,0.775759,-0.386484,-7.71171,0.249958,0.0137775,2.2609,0
4,20,3,13.4607,-0.332741,-0.395895,-6.67812,0.252755,0.0156176,2.26419,0
5,20,3,14.5867,-0.918606,-0.215252,-19.3006,0.251256,0.00551355,7.39056,0
6,20,3,13.515,-0.438077,-4.37362,-25.742,0.244174,0.00382293,2.25777,0
7,20,3,10.5093,1.11345,-3.88026,-15.0374,0.247115,0.0127519,2.12674,0
8,20,3,10.8259,0.798261,-1.55255,-4.09384,0.242508,0.0209522,1.88702,0
9,20,3,8.26308,2.83622,-0.686107,0.721433,0.246686,0.00829888,2.22868,0
10,20,3,9.31789,1.68538,0.952721,2.98469,0.252459,0.0135024,2.32442,0
11,20,3,1.14505,1.42741,7.51384,12.8787,0.244966,0.00852407,8.78219,0
12,20,3,10.4453,0.651011,0.333342,-10.041,0.246476,0.0121999,2.30982,0
13,20,3,11.3676,0.304283,-0.912621,-7.18253,0.239973,0.0905547,1.79189,0
14,20,3,10.3842,0.450064,-2.93281,-7.07221,0.242201,0.0152955,2.03101,0
15,20,3,6.21175,0.381818,-3.09441,-6.59717,0.256504,0.00747788,3.1871,0
16,20,3,7.24342,1.89348,-0.23713,1.37734,0.2588,0.0101218,2.64105,0
17,20,3,5.75947,8.65216,-0.878311,9.17745,0.244334,0.00616396,2.34631,0
18,20,3,7.40299,-2.78287,-1.22343,-28.0885,0.254706,0.0022509,4.07575,0
19,20,3,2.99513,-4.94686,-1.58877,-26.6222,0.237051,0.0222465,8.49121,0
20,20,3,5.58549,-2.32636,-1.82432,-8.93032,0.25537,0.0090022,2.5682,0
21,20,3,7.58094,-0.766359,-1.19118,-3.29744,0.258835,0.0272711,2.18509,0
22,20,3,8.8255,-0.629493,-0.908835,-1.81912,0.256268,0.0375548,1.96611,0
23,20,3,9.30726,-0.645129,-0.757194,-0.822101,0.253679,0.0562716,1.89664,0
0,21,3,9.94393,3.11482,1.45449,31.9784,0.244807,0.00264851,15.3152,0
1,21,3,12.0563,8.85142,6.47152,19.5013,0.251742,0.00222083,15.9893,0
2,21,3,12.6208,1.94879,1.15557,-9.5297,0.244237,0.00577124,2.27882,0
3,21,3,10.8753,0.416393,-0.126204,8.11208,0.242306,0.032294,2.14987,0
4,21,3,10.7466,0.346067,-0.0169127,9.6341,0.245552,0.0201365,2.19261,0
5,21,3,8.93948,0.251785,0.172297,16.1204,0.24997,0.00796391,2.95431,0
6,21,3,2.95234,-1.50697,-4.36516,27.0189,0.238414,0.00162382,67.0959,0
7,21,3,,,,,,,,1
8,21,3,,,,,,,,1
9,21,3,3.30852,3.98342,0.633177,1.45924,0.266766,0.010259,2.95274,0
10,21,3,6.65799,2.52838,0.13456,1.51719,0.266143,0.00925333,3.00498,0
11,21,3,2.1073,3.33772,3.80538,14.8179,0.253272,0.00374076,3.66386,0
12,21,3,10.2372,0.742781,-0.00235037,-1.30929,0.244263,0.0314949,1.79132,0
13,21,3,11.0385,0.110465,-0.613175,-4.7665,0.244149,0.0215665,2.13574,0
14,21,3,10.5959,0.129087,-3.17218,-5.80332,0.241795,0.0190404,1.95343,0
15,21,3,9.8093,0.480448,-1.4762,-1.95974,0.251657,0.0153375,2.27949,0
16,21,3,9.69355,0.872076,-0.840784,-1.53462,0.249872,0.018322,2.13729,0
17,21,3,11.972,1.64824,-1.0039,-3.25379,0.244762,0.00877873,2.10832,0
18,21,3,11.2375,-4.58471,-1.22593,-12.8115,0.242995,0.0240569,1.96366,0
19,21,3,8.44439,-4.36676,-1.30155,-15.2157,0.24346,0.0145011,2.05587,0
20,21,3,8.58468,-1.83575,-1.29016,-6.08149,0.249311,0.0284994,2.04668,0
21,21,3,9.32221,-0.439577,-0.843853,-3.8543,0.252287,0.0338876,1.94874,0
22,21,3,9.67177,-0.156792,-0.595926,-2.47033,0.24679,0.0683391,1.84252,0
23,21,3,9.89962,-0.0893545,-0.480512,-1.53755,0.243599,0.109336,1.80669,0
0,22,3,10.017,0.728214,0.0612173,22.2903,0.242152,0.0197089,1.95103,0
1,22,3,11.0574,2.29451,0.627172,19.5798,0.24514,0.0214691,1.98581,0
2,22,3,11.4327,1.2963,1.68401,15.031,0.24472,0.0210944,2.19196,0
3,22,3,11.0188,0.629051,0.0504097,10.0806,0.241859,0.046219,2.25156,0
4,22,3,10.7046,1.03315,0.26676,12.6795,0.243116,0.0502378,1.80273,0
5,22,3,10.7652,2.36036,0.103541,12.8469,0.25094,0.0140006,2.1319,0
6,22,3,12.1853,2.30826,0.123358,8.9049,0.244382,0.0119293,2.44628,0
7,22,3,12.6839,-0.412973,0.381528,1.37305,0.241914,0.0477407,1.90654,0
8,22,3,13.7558,-2.79878,0.0545546,-8.95333,0.242835,0.00760293,2.38273,0
9,22,3,5.04005,-1.62144,0.79138,-0.379543,0.284246,0.00738685,3.8454,0
10,22,3,7.15264,-1.01894,-0.0828733,0.400675,0.272348,0.00870108,3.26713,0
11,22,3,9.83438,0.31737,0.128783,2.07585,0.248075,0.0265258,2.18404,0
12,22,3,11.424,-0.153564,-0.302229,-0.964113,0.24159,0.0596982,1.81672,0
13,22,3,11.6199,-0.994471,-0.491122,-3.34768,0.239865,0.0653126,1.78838,0
14,22,3,11.7618,-1.79919,-1.20183,-5.9071,0.243583,0.00957805,2.01412,0
15,22,3,10.6601,-0.580367,-0.883218,-3.43535,0.245396,0.0296397,1.90215,0
16,22,3,10.3018,0.0699788,-1.10789,-2.75738,0.246178,0.0269311,1.99498,0
17,22,3,12.4114,0.732042,-0.970348,-5.05499,0.244997,0.019668,2.02051,0
18,22,3,11.8851,-1.88472,-0.986518,-8.45983,0.249521,0.0137325,2.15488,0
19,22,3,10.5438,-2.09923,-1.05246,-6.13447,0.24452,0.0459978,1.88625,0
20,22,3,10.2383,-1.23511,-0.87334,-4.89671,0.248006,0.0397519,1.89294,0
21,22,3,10.0355,-0.706305,-0.645302,-3.51881,0.245306,0.0655499,1.83189,0
22,22,3,10.0509,-0.432839,-0.501526,-2.42481,0.241839,0.10926,1.78724,0
23,22,3,10.0792,-0.255558,-0.391167,-1.59242,0.240229,0.135207,1.77675,0
0,23,3,10.0574,0.42705,0.183243,17.1474,0.240869,0.0565442,1.81418,0
1,23,3,10.9193,1.59932,0.77117,15.8439,0.239862,0.132158,1.79447,0
2,23,3,10.5416,0.846434,0.329479,14.7297,0.240245,0.0743635,1.79356,0
3,23,3,10.7641,0.783886,0.305543,13.2844,0.239871,0.129405,1.78207,0
4,23,3,10.8113,0.945006,0.242398,12.2588,0.240963,0.0754767,1.78614,0
5,23,3,11.7442,2.93793,-0.0563137,11.6808,0.247007,0.0155634,2.09001,0
6,23,3,11.7167,0.707567,0.175894,7.95809,0.242533,0.0479483,1.8131,0
7,23,3,12.0394,0.283394,0.076421,4.4987,0.242065,0.0609858,1.8044,0
8,23,3,12.5777,-0.654916,0.0396306,-0.327239,0.239976,0.0729598,1.78787,0
9,23,3,12.3061,-1.01499,-0.00827188,-1.24533,0.240605,0.0435483,1.80849,0
10,23,3,10.9993,-0.333771,0.199708,-0.489809,0.245911,0.0241477,1.98952,0
11,23,3,11.2738,0.430945,0.135579,-0.409558,0.243123,0.0526977,1.83401,0
12,23,3,11.7929,-0.106451,-0.0659609,-1.24749,0.239759,0.13426,1.78577,0
13,23,3,11.8345,-0.343308,-0.259002,-2.90917,0.239251,0.134725,1.77586,0
14,23,3,11.6515,-0.488984,-0.437305,-3.29469,0.239792,0.0816955,1.78187,0
15,23,3,11.3694,-0.195991,-0.683757,-3.49321,0.242465,0.074229,1.79832,0
16,23,3,11.4067,0.0230735,-0.569573,-3.75126,0.240636,0.135043,1.78191,0
17,23,3,11.5362,-0.408528,-0.567958,-4.34591,0.240477,0.115569,1.78062,0
18,23,3,11.4112,-0.911686,-0.624985,-4.83937,0.239963,0.116727,1.77934,0
19,23,3,10.9945,-0.953689,-0.639151,-4.78781,0.244987,0.0487456,1.81844,0
20,23,3,10.5922,-0.771157,-0.557371,-4.12032,0.244715,0.0696148,1.81082,0
21,23,3,10.355,-0.520972,-0.450515,-3.22357,0.243218,0.0981995,1.79482,0
22,23,3,10.2397,-0.338073,-0.374623,-2.3609,0.240493,0.135374,1.77652,0
23,23,3,10.1996,-0.222513,-0.302644,-1.59878,0.239211,0.135135,1.77017,0
0,0,4,10.0698,0.0383719,-0.00216151,144.148,0.238328,0.134649,1.77,0
1,0,4,9.7154,0.431321,0.0990378,144.087,0.247804,0.0291025,1.90858,0
2,0,4,10.5234,-0.441095,0.0691066,143.554,0.24917,0.0155866,2.12936,0
3,0,4,17.3052,-1.99896,0.0796321,133.062,0.253254,0.00375349,2.94195,0
4,0,4,26.9692,0.894564,0.0831941,35.6747,0.242315,0.00422313,2.15506,0
5,0,4,26.3305,1.09346,0.0829957,-100.947,0.245049,0.0120645,2.10603,0
6,0,4,23.9064,-0.201712,0.154544,-118.964,0.241414,0.0137438,1.87419,0
7,0,4,23.1469,0.183166,0.153311,-112.932,0.242189,0.00711042,1.97027,0
8,0,4,11.4015,-0.701276,0.21661,-45.0759,0.243454,0.0196262,2.19692,0
9,0,4,7.61399,-0.438911,0.311993,-31.168,0.241792,0.069607,1.92849,0
10,0,4,9.71626,-0.490045,0.325797,-20.8114,0.257612,0.0160733,2.23,0
11,0,4,6.5351,1.1398,0.56731,3.28553,0.257638,0.00434668,3.03909,0
12,0,4,2.56374,0.617888,0.65966,12.3248,0.170334,0.000187544,231.787,0
13,0,4,,,,,,,,1
14,0,4,,,,,,,,1
15,0,4,,,,,,,,1
16,0,4,,,,,,,,1
17,0,4,,,,,,,,1
18,0,4,1.82677,0.359536,-0.973596,-9.18182,0.188019,0.00163496,114.999,0
19,0,4,2.64843,-2.41826,-1.13784,-4.61467,0.268177,0.00474878,3.92794,0
20,0,4,7.53256,-1.43876,-0.960359,1.09758,0.256938,0.0168854,2.29924,0
21,0,4,9.01792,-0.733403,-0.679954,1.49242,0.248291,0.0648524,1.89274,0
22,0,4,9.3077,-0.654781,-0.560733,1.63873,0.246285,0.088052,1.83619,0
23,0,4,9.51132,-0.545936,-0.413337,1.58612,0.244894,0.0940311,1.81085,0
0,1,4,10.1491,0.0968945,0.0101354,143.131,0.23839,0.134599,1.77111,0
1,1,4,7.69659,2.24498,0.154178,144.03,0.260511,0.0142989,2.48301,0
2,1,4,7.25838,-0.958077,0.102485,146.965,0.264361,0.0106318,2.77563,0
3,1,4,5.42968,-3.98852,0.0999158,152.027,0.260045,0.00335127,3.29031,0
4,1,4,17.8426,-14.8821,0.0957587,74.9051,0.289003,0.00030385,64.0945,0
5,1,4,,,,,,,,1
6,1,4,25.3927,-1.66676,0.111563,-137.7,0.310908,0.000823522,63.8369,0
7,1,4,11.8384,2.08076,0.143439,-86.1264,0.249812,0.00606005,3.89535,0
8,1,4,6.39918,0.152496,0.136275,-40.464,0.260349,0.00777328,3.31325,0
9,1,4,10.6461,0.076309,0.167837,-26.158,0.251466,0.0239715,2.14391,0
10,1,4,9.47275,1.95636,0.315847,-12.9694,0.260732,0.0179954,2.22319,0
11,1,4,12.4427,2.0954,0.390558,-2.86099,0.244506,0.125323,1.95101,0
12,1,4,10.137,4.19795,0.592439,2.86108,0.244721,0.00842307,2.10602,0
13,1,4,10.1787,0.465793,0.434287,-3.33515,0.246704,0.0122212,2.19629,0
14,1,4,9.78648,0.100406,0.392591,-2.09592,0.244726,0.0562459,2.03103,0
15,1,4,9.66041,-0.000494725,0.146129,-1.57465,0.24003,0.115083,2.08572,0
16,1,4,9.85153,0.00524403,0.0519761,-1.70643,0.242716,0.0568585,2.0801,0
17,1,4,10.7268,-0.105508,-0.301013,-2.0862,0.241293,0.034834,2.3529,0
18,1,4,10.0569,-2.62873,-0.819425,-5.64899,0.243873,0.015982,2.03152,0
19,1,4,9.59758,-1.62122,-0.692951,-2.49383,0.244416,0.0253749,1.90622,0
20,1,4,9.10616,-0.493697,-0.61012,0.0381338,0.241125,0.0903678,1.80808,0
21,1,4,9.51128,-0.193221,-0.429228,0.642405,0.241077,0.100806,1.79269,0
22,1,4,9.72292,-0.140481,-0.3087,0.893126,0.239875,0.134856,1.77874,0
23,1,4,9.86919,-0.111614,-0.232635,0.921661,0.238812,0.134851,1.77094,0
0,2,4,10.0129,0.53379,0.026243,138.918,0.23953,0.0573229,1.81053,0
1,2,4,6.53744,5.89884,0.207643,140.715,0.260813,0.00957375,2.7176,0
2,2,4,4.18786,1.73574,0.138532,146.749,0.279515,0.00852798,3.51321,0
3,2,4,0.300666,0.817208,0.212232,153.539,0.240256,0.0277598,8.65482,0
4,2,4,,,,,,,,1
5,2,4,,,,,,,,1
6,2,4,,,,,,,,1
7,2,4,1.54806,-4.97742,0.419143,-53.5097,0.354882,0.00134729,27.4566,0
8,2,4,-1.15833,-0.82981,-0.0390777,-33.2957,0.284788,0.00918622,3.70915,0
9,2,4,-4.32572,-2.40688,0.0305806,-25.0216,0.291737,0.0143317,3.67645,0
10,2,4,8.73097,1.62434,0.221438,-11.6528,0.265258,0.0196685,2.35601,0
11,2,4,8.48194,2.75117,0.510566,-4.44869,0.250978,0.0183116,2.01343,0
12,2,4,3.82105,0.72922,0.425919,-5.46959,0.314994,0.0166791,3.5755,0
13,2,4,7.84766,0.0340627,0.214313,-0.406665,0.264269,0.0216689,2.33256,0
14,2,4,9.78161,0.535479,0.153558,-0.464553,0.250376,0.05943,2.05796,0
15,2,4,8.64841,-0.288455,-0.0195328,-0.21674,0.2455,0.0740873,1.80608,0
16,2,4,9.35301,-0.53755,-0.164267,-0.777615,0.244537,0.0550438,1.80883,0
17,2,4,9.57806,-0.652498,-0.271025,-1.08045,0.243552,0.0547895,1.81095,0
18,2,4,9.48223,-1.42444,-0.605617,-1.16939,0.240459,0.106695,1.78877,0
19,2,4,9.34366,-0.921351,-0.512597,-0.635864,0.240412,0.0992622,1.78608,0
20,2,4,9.33864,-0.538887,-0.395701,-0.0766733,0.241044,0.101593,1.78428,0
21,2,4,9.44619,-0.363903,-0.279983,0.331188,0.240349,0.135253,1.77703,0
22,2,4,9.58335,-0.275513,-0.202536,0.546351,0.239573,0.135249,1.77135,0
23,2,4,9.71877,-0.233296,-0.145715,0.581143,0.238982,0.135152,1.76825,0
0,3,4,9.99024,1.58957,0.0346928,127.955,0.248615,0.0215887,2.05543,0
1,3,4,6.82341,11.7192,0.272991,131.083,0.250671,0.0188713,2.24589,0
2,3,4,5.40214,4.24331,0.15005,144.598,0.267192,0.00908816,2.99778,0
3,3,4,1.2942,2.67164,0.198234,151.884,0.274434,0.00747774,4.32606,0
4,3,4,,,,,,,,1
5,3,4,,,,,,,,1
6,3,4,,,,,,,,1
7,3,4,3.59582,3.16723,-0.0820302,-43.0401,0.257626,0.00108117,52.9742,0
8,3,4,-2.34402,-4.47109,-0.125077,-34.0449,0.265977,0.0149104,3.08625,0
9,3,4,5.95122,-5.77969,0.019738,-26.3851,0.254932,0.0184699,2.3888,0
10,3,4,4.16729,-3.567,0.100898,-20.5664,0.275695,0.0141157,2.89985,0
11,3,4,5.98027,-2.43732,0.296652,-14.5943,0.28822,0.0163709,3.04878,0
12,3,4,7.49712,-1.04189,0.349859,-6.29111,0.276801,0.0313196,2.25805,0
13,3,4,7.93918,-0.769789,0.258523,-4.1657,0.266258,0.0580464,2.03158,0
14,3,4,8.57879,-0.867773,0.183308,-2.76697,0.261468,0.0591535,1.92828,0
15,3,4,9.08209,-1.05759,0.0209563,-1.79949,0.252995,0.0709739,1.84008,0
16,3,4,9.25891,-0.952213,-0.116374,-1.4117,0.245912,0.131131,1.80388,0
17,3,4,9.53521,-1.10944,-0.27617,-1.28454,0.242684,0.135779,1.78734,0
18,3,4,9.57666,-1.24058,-0.395145,-1.14234,0.240721,0.135396,1.77789,0
19,3,4,9.51992,-1.08068,-0.384212,-0.822446,0.241308,0.112691,1.77921,0
20,3,4,9.52097,-0.856285,-0.317694,-0.445845,0.241247,0.118244,1.77787,0
21,3,4,9.5734,-0.685593,-0.248189,-0.120287,0.24035,0.135536,1.77333,0
22,3,4,9.66459,-0.578987,-0.205177,0.100052,0.239384,0.13531,1.76915,0
23,3,4,9.75387,-0.501419,-0.160108,0.202215,0.238764,0.135174,1.76635,0
0,4,4,10.0063,2.39164,0.061371,105.338,0.257563,0.0150009,2.35534,0
1,4,4,11.1682,9.13039,0.290527,99.1294,0.252417,0.010684,2.29439,0
2,4,4,7.61351,11.4764,0.228826,117.138,0.247871,0.0168678,2.21981,0
3,4,4,3.23836,10.1806,0.188295,129.492,0.249008,0.00338127,2.70688,0
4,4,4,,,,,,,,1
5,4,4,,,,,,,,1
6,4,4,,,,,,,,1
7,4,4,1.62544,-1.78302,-0.550032,-72.2368,0.316754,0.00294559,13.6686,0
8,4,4,5.82053,-5.88734,0.0653982,-46.0465,0.250605,0.00907831,2.46109,0
9,4,4,9.40131,-4.35624,0.0196184,-30.7761,0.251278,0.012061,2.28812,0
10,4,4,8.01558,-2.65217,-0.181296,-23.9404,0.260056,0.0158201,2.40581,0
11,4,4,9.35395,-2.07879,-0.0391649,-18.3735,0.263973,0.0233617,2.21125,0
12,4,4,9.87421,-1.55929,0.166362,-9.88855,0.261204,0.0374033,1.92239,0
13,4,4,9.95651,-1.32508,0.133404,-7.19803,0.26341,0.0428578,1.90479,0
14,4,4,10.2615,-1.23501,0.0892684,-5.34408,0.259639,0.0547068,1.8672,0
15,4,4,10.4324,-1.17795,0.0226029,-3.86256,0.253289,0.0670632,1.83035,0
16,4,4,10.2346,-1.01447,-0.0636524,-2.88044,0.24862,0.0833491,1.80906,0
17,4,4,10.3862,-1.04837,-0.184224,-2.35055,0.244702,0.105539,1.79229,0
18,4,4,10.337,-1.0594,-0.319103,-1.87563,0.24392,0.08532,1.78831,0
19,4,4,10.0513,-0.76944,-0.341098,-1.4606,0.243342,0.0977273,1.78499,0
20,4,4,10.0314,-0.679752,-0.294964,-1.09591,0.241778,0.126609,1.77845,0
21,4,4,9.99394,-0.585015,-0.25528,-0.749039,0.240513,0.135631,1.77329,0
22,4,4,9.99886,-0.532228,-0.219431,-0.45598,0.239513,0.135357,1.76949,0
23,4,4,10.0166,-0.490152,-0.184374,-0.247631,0.238715,0.135152,1.76627,0
0,5,4,10.07,2.29184,0.106826,81.1081,0.257938,0.0159289,2.3226,0
1,5,4,11.2498,12.8204,0.614019,79.0435,0.247099,0.0487594,2.0365,0
2,5,4,10.2345,9.13027,0.333527,81.6074,0.24589,0.0133619,2.06021,0
3,5,4,15.4934,10.7983,0.460291,66.2333,0.242469,0.0211056,2.05687,0
4,5,4,19.5768,1.41271,0.47925,0.0905484,0.244719,0.0044706,5.31,0
5,5,4,17.8369,-0.807968,0.799511,-13.0907,0.245606,0.0143177,2.09521,0
6,5,4,18.9965,-1.16685,0.371541,-27.9021,0.24256,0.00850449,1.94132,0
7,5,4,12.5618,-6.84487,0.146458,-86.1647,0.246224,0.00671425,4.12577,0
8,5,4,13.6497,-4.18088,-0.443852,-35.3359,0.247931,0.0113936,2.20291,0
9,5,4,10.5307,-4.58508,-0.776948,-31.0983,0.24417,0.0288856,2.01556,0
10,5,4,10.8708,-2.36904,-0.571441,-24.5794,0.246592,0.0285857,1.95005,0
11,5,4,10.9998,-1.90251,-0.397307,-19.73,0.243706,0.061078,1.84943,0
12,5,4,11.0683,-1.53084,-0.10168,-12.2057,0.239593,0.135108,1.77335,0
13,5,4,10.974,-1.37476,-0.0822334,-9.40581,0.240518,0.116868,1.77518,0
14,5,4,11.0319,-1.1911,-0.0762128,-7.28219,0.240137,0.135442,1.77299,0
15,5,4,11.0464,-1.04457,-0.0707143,-5.55726,0.23967,0.135314,1.77121,0
16,5,4,10.8488,-0.915234,-0.102256,-4.28686,0.239441,0.135283,1.76992,0
17,5,4,10.8821,-0.905453,-0.169655,-3.45161,0.238657,0.135071,1.7669,0
18,5,4,10.7851,-0.864953,-0.289991,-2.7374,0.239373,0.135245,1.76992,0
19,5,4,10.4456,-0.705969,-0.321941,-2.16063,0.239411,0.135291,1.7696,0
20,5,4,10.3992,-0.657637,-0.283661,-1.71051,0.238839,0.135135,1.76742,0
21,5,4,10.3103,-0.593498,-0.250384,-1.27084,0.238473,0.135042,1.76592,0
22,5,4,10.2654,-0.546208,-0.220859,-0.898944,0.238104,0.134952,1.76436,0
23,5,4,10.2381,-0.516397,-0.197442,-0.59246,0.237803,0.13488,1.76308,0
0,6,4,10.0168,1.72412,0.1314,64.2166,0.256714,0.0210849,2.0902,0
1,6,4,11.9164,8.80385,0.783862,62.3986,0.255831,0.0110183,2.36187,0
2,6,4,14.4254,8.71755,0.884184,55.8959,0.244776,0.118468,1.99508,0
3,6,4,14.0289,5.98511,0.56465,49.048,0.245262,0.0117434,2.09576,0
4,6,4,17.3034,2.8465,0.795683,26.0374,0.247817,0.0105216,2.20483,0
5,6,4,19.5709,-2.4473,1.3253,6.58689,0.243654,0.039817,1.98212,0
6,6,4,19.0955,-1.64963,0.457728,-15.6581,0.243266,0.0181632,1.94541,0
7,6,4,16.9213,-2.65873,-0.0866021,-21.9628,0.245841,0.0173918,1.9996,0
8,6,4,14.8208,-2.28397,-0.195523,-25.7438,0.242869,0.0239645,1.90331,0
9,6,4,13.5814,-1.8453,-0.452253,-24.4214,0.24395,0.0197192,1.93496,0
10,6,4,11.5539,-2.27423,-1.24924,-22.7425,0.247587,0.0292434,1.96242,0
11,6,4,11.2867,-1.94117,-0.937799,-19.1082,0.245131,0.0624403,1.87588,0
12,6,4,11.0524,-1.41653,-0.422794,-12.9276,0.240786,0.135369,1.77873,0
13,6,4,11.0474,-1.31743,-0.329214,-10.3887,0.239427,0.135101,1.77221,0
14,6,4,10.9405,-1.12972,-0.314412,-8.27626,0.239228,0.135122,1.77046,0
15,6,4,10.9584,-0.942152,-0.249738,-6.53244,0.238845,0.135014,1.76904,0
16,6,4,10.7889,-0.782933,-0.226373,-5.18962,0.238602,0.134995,1.76748,0
17,6,4,10.8142,-0.738353,-0.25896,-4.21166,0.238374,0.134959,1.76627,0
18,6,4,10.7505,-0.676313,-0.354421,-3.37316,0.238635,0.135006,1.76758,0
19,6,4,10.4724,-0.563081,-0.365288,-2.70053,0.238289,0.134943,1.76584,0
20,6,4,10.4289,-0.540979,-0.330089,-2.17061,0.238119,0.134917,1.76493,0
21,6,4,10.3503,-0.521043,-0.288071,-1.65489,0.238005,0.134894,1.76438,0
22,6,4,10.2992,-0.499524,-0.254773,-1.19534,0.23781,0.134856,1.76344,0
23,6,4,10.2708,-0.483874,-0.22936,-0.809858,0.237632,0.134821,1.76257,0
0,7,4,10.0636,1.31244,0.171125,52.7239,0.248816,0.0272488,1.94631,0
1,7,4,11.4832,6.38611,0.974164,51.2857,0.256483,0.0164969,2.2378,0
2,7,4,13.6157,5.89216,1.12979,46.5437,0.255995,0.0148981,2.29693,0
3,7,4,15.4376,4.09275,1.46153,37.7715,0.25455,0.0178113,2.22987,0
4,7,4,16.8217,0.795381,2.03846,28.0042,0.249779,0.0225576,2.12552,0
5,7,4,15.1826,-1.13134,1.42168,17.8578,0.2501,0.0120563,2.18092,0
6,7,4,16.8262,-1.83149,1.30138,5.8305,0.249202,0.0121495,2.17627,0
7,7,4,17.8121,-1.42217,0.150734,-12.8407,0.247093,0.0184621,2.0159,0
8,7,4,15.7982,-0.628578,-1.71202,-28.9504,0.242679,0.00915191,2.03442,0
9,7,4,14.7599,-0.881765,-1.52279,-26.1593,0.245837,0.0136244,2.06686,0
10,7,4,13.1897,-1.48771,-1.41141,-21.4096,0.244184,0.0229341,1.92979,0
11,7,4,11.0815,-1.71699,-1.71437,-18.1492,0.249873,0.0348979,1.9276,0
12,7,4,11.1249,-1.65216,-1.13976,-15.3868,0.248043,0.0618635,1.84422,0
13,7,4,11.0087,-1.37641,-0.497899,-10.5661,0.241602,0.115065,1.78112,0
14,7,4,10.9559,-1.13771,-0.442683,-8.62008,0.241329,0.114323,1.77913,0
15,7,4,10.9637,-0.958208,-0.311728,-6.97143,0.240403,0.135397,1.77555,0
16,7,4,10.8586,-0.728507,-0.377204,-5.63316,0.240315,0.132854,1.77461,0
17,7,4,10.8734,-0.672869,-0.38933,-4.61171,0.239752,0.135295,1.77207,0
18,7,4,10.8227,-0.598089,-0.461463,-3.74326,0.239491,0.135203,1.77134,0
19,7,4,10.576,-0.529403,-0.467893,-3.01613,0.239596,0.135264,1.77132,0
20,7,4,10.5114,-0.517674,-0.438381,-2.42179,0.239383,0.135242,1.77003,0
21,7,4,10.431,-0.513539,-0.377348,-1.84127,0.239092,0.135188,1.76859,0
22,7,4,10.3785,-0.502474,-0.323567,-1.31998,0.238711,0.135099,1.76694,0
23,7,4,10.3472,-0.489286,-0.289122,-0.884328,0.238334,0.135009,1.76532,0
0,8,4,10.0704,0.921666,0.20721,45.2803,0.244026,0.0375879,1.85923,0
1,8,4,11.0858,4.48328,1.20196,44.1613,0.254913,0.0231784,2.03088,0
2,8,4,12.4978,3.97503,1.41427,40.9676,0.257864,0.0214659,2.11078,0
3,8,4,13.5728,2.72677,1.8074,35.7644,0.258849,0.0200331,2.16422,0
4,8,4,14.2307,1.21597,2.65089,30.1365,0.258754,0.0189404,2.22907,0
5,8,4,12.9126,-0.192325,2.4931,26.3851,0.254437,0.0139076,2.24342,0
6,8,4,7.55548,0.0963618,4.38009,39.7615,0.254717,0.0040895,2.83967,0
7,8,4,14.7319,-1.10026,1.07782,-7.27344,0.241574,0.0259262,2.16139,0
8,8,4,15.4664,-1.93839,-0.76032,-23.4147,0.242362,0.013181,1.92134,0
9,8,4,5.87547,-0.0122961,-4.65038,-40.8001,0.252718,0.00477035,3.07373,0
10,8,4,11.6751,-0.944986,-3.00011,-22.1229,0.249537,0.0118342,2.21909,0
11,8,4,10.7252,-1.59035,-2.2672,-17.6874,0.254977,0.020904,2.11862,0
12,8,4,11.1164,-1.67448,-1.30039,-14.943,0.254592,0.0410959,1.97593,0
13,8,4,11.0718,-1.38346,-0.232501,-10.4147,0.244081,0.12262,1.80598,0
14,8,4,11.1248,-1.24131,-0.149459,-8.64861,0.242092,0.117014,1.78865,0
15,8,4,11.1057,-1.06162,-0.0573465,-7.1401,0.240124,0.135315,1.77455,0
16,8,4,11.105,-0.896164,-0.220532,-5.88201,0.240647,0.111678,1.77604,0
17,8,4,11.0763,-0.775615,-0.274228,-4.87266,0.240094,0.135373,1.77358,0
18,8,4,10.9963,-0.677545,-0.371465,-4.02147,0.240077,0.130396,1.77382,0
19,8,4,10.8094,-0.614256,-0.523807,-3.24569,0.240751,0.112831,1.7761,0
20,8,4,10.7033,-0.598326,-0.50335,-2.57776,0.240398,0.134599,1.77421,0
21,8,4,10.5899,-0.584897,-0.427762,-1.93595,0.239981,0.135421,1.77211,0
22,8,4,10.5244,-0.570507,-0.361516,-1.36685,0.239206,0.135224,1.76896,0
23,8,4,10.4855,-0.549403,-0.320922,-0.89871,0.238739,0.135112,1.76696,0
0,9,4,10.0576,0.614177,0.230074,40.3195,0.241522,0.0535925,1.8126,0
1,9,4,10.7802,3.10441,1.40322,39.5081,0.250349,0.0311184,1.90986,0
2,9,4,11.7543,2.74847,1.65814,37.3686,0.253193,0.0301119,1.95341,0
3,9,4,12.5112,2.02729,2.09254,34.0564,0.253955,0.0304076,1.97224,0
4,9,4,13.0233,1.35087,2.94697,30.4134,0.249855,0.0377508,1.93602,0
5,9,4,11.4088,0.831712,2.92735,29.5348,0.248655,0.0191397,2.0117,0
6,9,4,12.2987,1.73421,3.94493,24.8496,0.24443,0.0196424,1.96523,0
7,9,4,14.904,-1.0944,0.723074,-18.7893,0.241856,0.0115436,2.00413,0
8,9,4,15.9918,-1.54681,-1.1302,-12.3283,0.242145,0.0400673,1.90357,0
9,9,4,8.91805,-1.3401,-3.87936,-40.8606,0.249636,0.00335262,3.68474,0
10,9,4,9.73056,-1.30514,-4.68428,-27.978,0.248367,0.006611,2.40658,0
11,9,4,10.4077,-1.97145,-2.24233,-16.7951,0.25614,0.0177194,2.24043,0
12,9,4,11.0872,-1.87052,-1.12385,-14.1628,0.258227,0.0325696,2.05987,0
13,9,4,11.1916,-1.37397,-0.0670044,-10.0207,0.246252,0.126561,1.82503,0
14,9,4,11.2812,-1.24362,-0.0176066,-8.48904,0.242085,0.13498,1.79349,0
15,9,4,11.2498,-1.05958,0.0550479,-7.14696,0.239238,0.135091,1.77094,0
16,9,4,11.2672,-0.973583,-0.165159,-6.05034,0.239069,0.135087,1.76973,0
17,9,4,11.1902,-0.844946,-0.210937,-5.09922,0.238665,0.135004,1.76783,0
18,9,4,11.079,-0.76493,-0.280241,-4.24728,0.238999,0.13507,1.76945,0
19,9,4,10.9051,-0.734971,-0.519347,-3.41687,0.240106,0.116302,1.77352,0
20,9,4,10.7774,-0.706988,-0.496777,-2.6779,0.240552,0.118194,1.77474,0
21,9,4,10.6529,-0.688021,-0.409531,-1.97603,0.240226,0.135491,1.773,0
22,9,4,10.5889,-0.66951,-0.334211,-1.36427,0.239422,0.135284,1.76977,0
23,9,4,10.5597,-0.639192,-0.292463,-0.877669,0.238765,0.135118,1.76709,0
0,10,4,10.0435,0.403989,0.26969,37.1071,0.240488,0.0718987,1.79284,0
1,10,4,10.5468,2.04484,1.6625,36.5472,0.246969,0.0377404,1.85777,0
2,10,4,11.3033,1.73424,1.90333,35.0565,0.250505,0.0343361,1.90361,0
3,10,4,12.1167,1.22637,2.31298,32.6326,0.251277,0.0359224,1.91116,0
4,10,4,12.9001,1.39579,2.92665,29.4068,0.246899,0.0587117,1.858,0
5,10,4,12.5868,1.18065,2.04102,21.9022,0.242483,0.0376652,1.82591,0
6,10,4,13.4231,1.54295,2.90029,14.499,0.244991,0.0200837,1.92049,0
7,10,4,13.0125,2.90368,3.93376,15.9011,0.248099,0.0107919,2.15184,0
8,10,4,14.0773,-0.142527,0.602862,-24.9324,0.246332,0.0050294,2.50925,0
9,10,4,9.91796,-5.62772,-2.15543,-32.4866,0.25731,0.0032897,8.05152,0
10,10,4,9.07375,-1.8254,-4.09999,-26.4295,0.248709,0.00678877,2.41904,0
11,10,4,10.5687,-2.37628,-2.16684,-14.7478,0.255449,0.020484,2.1506,0
12,10,4,11.2055,-1.94451,-1.13466,-12.6335,0.257427,0.0326711,2.01727,0
13,10,4,11.3398,-1.22841,-0.222777,-9.35128,0.246514,0.0988976,1.82089,0
14,10,4,11.3936,-1.0919,-0.150293,-8.14007,0.239934,0.1352,1.77466,0
15,10,4,11.3836,-1.03448,-0.209293,-7.01867,0.239139,0.135062,1.77059,0
16,10,4,11.3063,-0.887801,-0.174307,-6.04122,0.238707,0.13499,1.76833,0
17,10,4,11.2051,-0.802801,-0.199935,-5.14511,0.238581,0.134977,1.76758,0
18,10,4,11.0822,-0.734784,-0.241948,-4.29988,0.238779,0.135021,1.76846,0
19,10,4,10.9289,-0.78008,-0.447147,-3.45594,0.239404,0.135198,1.77076,0
20,10,4,10.7742,-0.748979,-0.411759,-2.66408,0.239573,0.135274,1.77102,0
21,10,4,10.6417,-0.745156,-0.318059,-1.90966,0.239312,0.135237,1.76958,0
22,10,4,10.5865,-0.748161,-0.238089,-1.2608,0.238959,0.135139,1.76824,0
23,10,4,10.5838,-0.7272,-0.196756,-0.774311,0.238642,0.135048,1.76709,0
0,11,4,10.0351,0.267915,0.337269,35.1861,0.240288,0.0804249,1.78807,0
1,11,4,10.3141,1.23899,2.00898,34.8235,0.24461,0.0472021,1.82959,0
2,11,4,10.9071,0.793842,2.19001,33.92,0.249763,0.0315346,1.91373,0
3,11,4,12.1457,0.364688,2.62374,32.1044,0.245893,0.0467178,1.8748,0
4,11,4,12.7874,-0.0544835,1.84881,28.8008,0.245814,0.0352296,1.99965,0
5,11,4,12.999,1.08869,2.16613,18.8146,0.241727,0.0528588,1.80726,0
6,11,4,13.7289,1.56232,2.40274,12.2492,0.243332,0.0270809,1.85794,0
7,11,4,14.0411,2.87798,2.72444,11.0845,0.247386,0.0131126,2.07278,0
8,11,4,14.0544,1.60516,0.286008,-5.91186,0.247923,0.0141439,2.11438,0
9,11,4,13.7064,-2.66494,-1.13173,-13.65,0.245708,0.0125576,2.13018,0
10,11,4,12.951,-1.90268,-0.938723,-12.9668,0.247396,0.0154883,2.13516,0
11,11,4,11.6735,-2.36689,-1.41762,-11.3736,0.248615,0.0334403,1.94695,0
12,11,4,11.7266,-1.82951,-0.771697,-10.1886,0.249978,0.0463857,1.89073,0
13,11,4,11.6481,-1.10839,-0.257457,-8.09236,0.243666,0.111121,1.79692,0
14,11,4,11.604,-0.938327,-0.230236,-7.25313,0.24027,0.135292,1.77594,0
15,11,4,11.5005,-0.874707,-0.25469,-6.4274,0.239692,0.135207,1.77277,0
16,11,4,11.3517,-0.752662,-0.230229,-5.62891,0.239311,0.135143,1.7708,0
17,11,4,11.2199,-0.651421,-0.23513,-4.82214,0.238851,0.135026,1.76893,0
18,11,4,11.0655,-0.706951,-0.359312,-4.0611,0.239378,0.135086,1.77205,0
19,11,4,10.8399,-0.7574,-0.429003,-3.26694,0.239345,0.135142,1.77107,0
20,11,4,10.652,-0.733551,-0.359925,-2.45852,0.239096,0.135126,1.76943,0
21,11,4,10.5048,-0.766872,-0.244154,-1.6537,0.239003,0.135107,1.76899,0
22,11,4,10.4824,-0.845349,-0.137599,-0.970267,0.239278,0.135137,1.77063,0
23,11,4,10.4123,-0.768726,-0.00421496,-0.0653525,0.239668,0.122771,1.77929,0
0,12,4,10.0085,0.187925,0.390201,34.0432,0.241118,0.0808346,1.78908,0
1,12,4,9.9049,0.916472,2.41517,33.9842,0.243711,0.0558992,1.81467,0
2,12,4,8.68898,0.0504524,1.79037,35.5291,0.248742,0.0221054,1.95428,0
3,12,4,10.1711,-2.11134,1.89147,35.6248,0.251383,0.0121991,2.24625,0
4,12,4,13.3107,-0.258446,1.79422,21.7174,0.241603,0.0119535,5.45553,0
5,12,4,11.8942,-0.0614508,1.53392,20.9395,0.243226,0.0407632,1.98829,0
6,12,4,14.1827,1.561,2.95447,10.9611,0.240809,0.13498,1.78404,0
7,12,4,14.7615,1.13239,1.44811,-0.011183,0.243914,0.0103334,1.98326,0
8,12,4,13.2494,2.17333,-0.00247905,-6.76429,0.248116,0.0108604,2.19493,0
9,12,4,13.284,0.245591,-0.213779,-6.92901,0.248582,0.02119,2.03229,0
10,12,4,12.7581,-2.00155,-0.737352,-7.98933,0.248975,0.0339599,1.95532,0
11,12,4,12.4707,-1.74496,-0.432847,-7.84424,0.253447,0.0364529,1.9285,0
12,12,4,12.1568,-1.49662,-0.20581,-7.36386,0.251445,0.0539049,1.85633,0
13,12,4,11.9417,-0.124967,-0.111124,-4.38322,0.239664,0.130286,1.77285,0
14,12,4,11.8043,-0.645504,-0.213617,-5.89386,0.242099,0.0991399,1.78299,0
15,12,4,11.61,-0.672343,-0.296658,-5.41498,0.241721,0.106552,1.78071,0
16,12,4,11.4261,-0.550154,-0.296197,-4.88323,0.241253,0.113382,1.77892,0
17,12,4,11.1558,-0.741519,-0.37675,-4.32659,0.240028,0.135339,1.77353,0
18,12,4,10.9754,-0.61621,-0.382513,-3.73522,0.240444,0.114657,1.77543,0
19,12,4,10.6649,-0.674465,-0.3668,-3.01038,0.240809,0.117449,1.77635,0
20,12,4,10.4335,-0.676255,-0.280571,-2.17185,0.240831,0.120187,1.77633,0
21,12,4,9.93036,-0.847722,-0.00266493,0.271199,0.243301,0.0567873,1.80926,0
22,12,4,10.0992,-1.66519,0.231626,1.55426,0.245054,0.0274031,1.89857,0
23,12,4,10.5019,-1.87305,0.262765,1.49915,0.243675,0.0359001,1.89274,0
0,13,4,9.98818,0.161528,0.408874,32.9308,0.241981,0.0796505,1.7902,0
1,13,4,9.26969,1.13277,2.80964,33.2258,0.245424,0.0534814,1.81979,0
2,13,4,8.3366,1.39675,1.89742,34.4294,0.2518,0.0147526,2.14872,0
3,13,4,4.89505,1.44554,1.64637,43.746,0.255283,0.0056559,2.76931,0
4,13,4,,,,,,,,1
5,13,4,,,,,,,,1
6,13,4,,,,,,,,1
7,13,4,-1.16762,0.068346,-1.34442,-16.9334,0.252553,0.00509808,6.2596,0
8,13,4,6.91146,3.62413,-0.631721,-7.50659,0.266213,0.00645521,4.26514,0
9,13,4,8.28256,-1.45339,-1.52362,-3.53051,0.263487,0.0098375,2.98237,0
10,13,4,11.1414,-1.8405,-0.571874,-2.5377,0.250294,0.0468019,1.95485,0
11,13,4,11.5266,-1.68742,-0.296479,-2.6939,0.248075,0.0622891,1.81958,0
12,13,4,11.7289,-1.46711,-0.225421,-3.046,0.246494,0.0747033,1.8067,0
13,13,4,11.7546,-0.815588,-0.211048,-3.76105,0.241001,0.135476,1.77892,0
14,13,4,11.5866,-0.684069,-0.34485,-3.90489,0.239529,0.135067,1.77341,0
15,13,4,11.277,-0.621727,-0.408241,-3.86747,0.238994,0.13501,1.7702,0
16,13,4,11.3714,-0.0499775,-0.35549,-3.94351,0.238978,0.135052,1.76952,0
17,13,4,10.9825,-0.163861,-0.426902,-3.70714,0.239879,0.124828,1.7726,0
18,13,4,10.5873,-0.372216,-0.485839,-3.12438,0.239838,0.130666,1.77272,0
19,13,4,10.218,-0.302745,-0.34655,-2.47911,0.241434,0.0952824,1.77953,0
20,13,4,10.1123,-0.427143,-0.242612,-1.76949,0.242637,0.0807559,1.78904,0
21,13,4,8.93507,-0.798483,0.229686,1.80534,0.247032,0.0276708,1.89921,0
22,13,4,6.60397,-1.90062,1.01255,6.64978,0.255684,0.0107137,2.45412,0
23,13,4,6.71877,-4.92033,0.530193,13.0746,0.25056,0.00241747,3.07196,0
0,14,4,10.0421,0.134795,0.57614,29.446,0.241893,0.0512179,1.8211,0
1,14,4,10.8446,1.64862,3.23203,28.7727,0.244536,0.0439289,1.85819,0
2,14,4,9.59229,1.80063,1.82816,32.2404,0.247345,0.0214453,1.96022,0
3,14,4,12.2562,3.77414,1.39739,25.9545,0.244887,0.0225774,2.02977,0
4,14,4,14.0331,4.56943,1.09206,20.2111,0.249937,0.003263,20.1509,0
5,14,4,12.7929,0.430582,0.780309,2.12324,0.241056,0.0211979,2.07953,0
6,14,4,13.1374,0.349053,0.396734,-1.24863,0.243788,0.0304676,2.80637,0
7,14,4,14.3632,-0.257766,0.118326,-6.04228,0.241728,0.128502,1.88113,0
8,14,4,11.4089,-2.24325,-0.273637,-10.2206,0.242594,0.014853,2.04288,0
9,14,4,11.3689,-1.20116,-0.400463,-2.27792,0.243684,0.0592577,1.85613,0
10,14,4,11.9117,-0.896023,-0.0161329,-1.93182,0.245142,0.0547915,1.81957,0
11,14,4,12.3063,-0.887886,0.217096,-2.22681,0.247313,0.0565474,1.82383,0
12,14,4,12.4784,-0.571258,0.159857,-3.00138,0.245944,0.0730341,1.80676,0
13,14,4,12.2835,-0.0560913,-0.252893,-4.32591,0.241467,0.118113,1.78246,0
14,14,4,12.013,0.0216071,-0.450776,-4.6361,0.244781,0.0589838,1.80234,0
15,14,4,11.6662,-0.0197661,-0.536644,-4.55257,0.244911,0.0740403,1.80222,0
16,14,4,11.3332,-0.0868782,-0.488119,-4.26146,0.243572,0.087186,1.79087,0
17,14,4,10.9848,-0.0350505,-0.430998,-3.92495,0.242684,0.105939,1.78518,0
18,14,4,10.7579,-0.0401806,-0.408472,-3.45171,0.242208,0.108588,1.78214,0
19,14,4,10.44,-0.0379244,-0.316825,-2.68326,0.242704,0.0909178,1.7851,0
20,14,4,10.0685,0.00690858,-0.137666,-1.62375,0.244803,0.0606227,1.80546,0
21,14,4,8.7772,0.147861,0.32162,2.10472,0.247914,0.0238006,1.93708,0
22,14,4,5.11486,0.99732,1.30408,8.00956,0.258416,0.0107378,2.64128,0
23,14,4,0.729352,0.100333,0.726723,18.5273,0.247888,0.01032,4.12594,0
0,15,4,10.1575,-0.0978902,0.928514,28.5019,0.244741,0.0323836,1.91253,0
1,15,4,11.8586,0.921366,3.7292,26.3061,0.251798,0.0241853,2.01779,0
2,15,4,11.0975,1.74507,1.74022,26.7812,0.246263,0.0247989,1.90182,0
3,15,4,12.6693,2.22794,1.30594,22.0136,0.248026,0.0162751,2.0334,0
4,15,4,13.5116,0.651913,0.889056,12.3744,0.24372,0.0300635,1.89525,0
5,15,4,13.2587,0.0518624,0.395468,6.06943,0.240879,0.0651365,1.80261,0
6,15,4,13.3885,0.0816269,0.154059,1.08144,0.240943,0.0709174,1.79661,0
7,15,4,13.3996,-0.47406,-0.0433536,-1.83184,0.241494,0.0390698,1.81781,0
8,15,4,11.8994,-0.908338,-0.32227,-2.43309,0.241518,0.0433695,1.83524,0
9,15,4,11.8253,-0.868814,-0.00907952,-0.705294,0.244674,0.0522757,1.82563,0
10,15,4,11.8904,-0.846939,0.541422,-0.662754,0.246132,0.0504231,1.84012,0
11,15,4,12.0928,-0.412823,0.380215,-2.31258,0.241392,0.0768625,1.80093,0
12,15,4,12.2076,-0.210955,0.133485,-3.79471,0.240044,0.0958015,1.78522,0
13,15,4,12.056,-0.133494,-0.104773,-4.40936,0.239225,0.134789,1.77481,0
14,15,4,11.8724,0.396176,-0.967761,-5.33102,0.241071,0.081252,1.79546,0
15,15,4,11.5331,0.288119,-0.794962,-5.24453,0.24333,0.0631128,1.80376,0
16,15,4,11.2664,0.234781,-0.657346,-4.89253,0.242349,0.106058,1.79028,0
17,15,4,11.0923,0.210515,-0.538216,-4.45959,0.241031,0.135301,1.78144,0
18,15,4,10.892,0.260624,-0.463354,-3.91338,0.240779,0.126906,1.77873,0
19,15,4,10.6063,0.298581,-0.352282,-3.12659,0.241439,0.0950641,1.78366,0
20,15,4,10.2785,0.35914,-0.186219,-2.10069,0.242883,0.073182,1.79571,0
21,15,4,9.9126,0.550498,0.0637554,-0.879208,0.246023,0.0531591,1.82563,0
22,15,4,9.51397,1.24899,0.382915,0.454297,0.245074,0.0542769,1.84338,0
23,15,4,10.5722,1.91021,0.369879,2.09613,0.244786,0.0145637,2.45564,0
0,16,4,10.2442,-0.315616,1.41518,30.964,0.248183,0.0191005,2.12615,0
1,16,4,11.3039,-0.685088,3.39652,28.0177,0.247224,0.0194438,2.08972,0
2,16,4,12.4157,0.183753,2.05622,22.0463,0.247974,0.0247668,2.00775,0
3,16,4,12.5343,0.956904,1.60766,16.0777,0.24277,0.0756369,1.8178,0
4,16,4,13.1065,0.801508,0.84269,10.5311,0.243077,0.0478329,1.81763,0
5,16,4,13.1448,0.58257,0.372291,5.90589,0.242413,0.0550731,1.80395,0
6,16,4,13.071,0.472988,-0.0215892,2.54623,0.241576,0.0580486,1.7998,0
7,16,4,12.5548,0.056161,-0.393668,-0.472159,0.241878,0.0399767,1.81854,0
8,16,4,12.0233,-0.19408,-0.72654,0.25621,0.242999,0.0469058,1.8366,0
9,16,4,11.6316,-0.477138,0.280838,0.509103,0.247079,0.0368807,1.88303,0
10,16,4,11.9318,-0.346099,0.682395,-0.172636,0.242311,0.0592134,1.82203,0
11,16,4,12.2279,-0.237187,0.407485,-1.74593,0.240824,0.0583623,1.79889,0
12,16,4,12.2235,-0.137597,0.0392933,-3.51102,0.239914,0.106857,1.78339,0
13,16,4,12.1175,-0.0714086,-0.356365,-4.81232,0.239871,0.0986246,1.78522,0
14,16,4,11.9569,-0.133643,-0.783842,-5.44428,0.240825,0.0484949,1.80285,0
15,16,4,11.7324,-0.136876,-0.908053,-5.47151,0.241189,0.0484619,1.80693,0
16,16,4,11.3311,0.0894021,-0.922165,-5.90422,0.242223,0.0656809,1.81283,0
17,16,4,11.1337,0.153589,-0.718156,-4.97533,0.240317,0.119808,1.78009,0
18,16,4,11.0087,0.299293,-0.704077,-4.40867,0.240454,0.0863352,1.78251,0
19,16,4,10.677,0.771915,-0.702489,-3.90358,0.242337,0.0403658,1.81759,0
20,16,4,10.0766,0.867622,-0.486412,-2.70903,0.243372,0.061357,1.81337,0
21,16,4,9.98477,0.740088,-0.286449,-1.61031,0.242567,0.0862708,1.79884,0
22,16,4,9.99523,0.947154,-0.077156,-0.611264,0.243787,0.0725137,1.80531,0
23,16,4,10.2089,1.11059,0.0696099,0.0123528,0.242779,0.0817975,1.80454,0
0,17,4,10.4002,-0.266484,2.04031,32.8562,0.252116,0.0145472,2.3493,0
1,17,4,12.4566,-0.340395,3.65918,25.2898,0.247898,0.0225111,2.13097,0
2,17,4,12.694,0.128672,2.32326,18.2919,0.247008,0.0232987,1.99253,0
3,17,4,12.6421,0.674189,1.47207,13.5803,0.241476,0.107707,1.81957,0
4,17,4,12.7015,0.448804,0.341603,7.4219,0.240283,0.0939442,1.78553,0
5,17,4,12.7885,0.347071,0.370195,5.72989,0.241643,0.0567193,1.79573,0
6,17,4,13.0447,0.683224,-0.271204,1.47853,0.242815,0.0487816,1.81818,0
7,17,4,12.6256,0.556665,-0.747116,-0.110155,0.242373,0.0315133,1.8413,0
8,17,4,11.6233,0.275742,-0.87894,0.625231,0.242955,0.0453087,1.84733,0
9,17,4,11.3017,-0.0139707,0.499363,1.21058,0.248669,0.0308354,1.93576,0
10,17,4,11.7382,0.125477,1.0839,0.965966,0.242586,0.0415077,1.85096,0
11,17,4,12.3786,0.065208,0.721811,-1.27283,0.242023,0.0402527,1.83828,0
12,17,4,12.2644,0.0264379,-0.104012,-3.58518,0.240136,0.106247,1.79154,0
13,17,4,12.0161,-0.0775625,-0.511831,-4.63021,0.239471,0.110653,1.78017,0
14,17,4,11.7542,-0.356152,-0.847401,-4.74062,0.241801,0.0310949,1.83488,0
15,17,4,11.397,-0.888446,-1.34556,-6.31781,0.243618,0.0253349,1.90467,0
16,17,4,11.4839,-0.587209,-0.64604,-4.94013,0.242431,0.0337878,1.83509,0
17,17,4,11.295,-0.415165,-1.11502,-6.19961,0.243356,0.02214,1.86166,0
18,17,4,11.2377,0.368505,-0.973136,-5.85156,0.240903,0.0781721,1.78995,0
19,17,4,11.1553,0.82616,-0.986626,-5.4461,0.241246,0.0460728,1.80584,0
20,17,4,9.87664,1.17659,-1.09852,-3.7376,0.248979,0.0258685,2.00161,0
21,17,4,9.57902,0.863002,-0.536135,-2.12388,0.24398,0.0586074,1.82782,0
22,17,4,9.83339,0.773671,-0.324595,-1.15846,0.242,0.0891757,1.79842,0
23,17,4,10.0465,0.752521,-0.188096,-0.496872,0.241356,0.107597,1.79006,0
0,18,4,10.4512,-0.0833298,2.48561,34.9148,0.254868,0.0126024,2.45041,0
1,18,4,12.8302,-0.196381,4.18478,25.6415,0.247809,0.0260721,2.13959,0
2,18,4,12.9725,0.0911255,2.68697,17.7963,0.247711,0.0204143,2.02449,0
3,18,4,14.3259,0.454189,-0.325572,9.58285,0.244698,0.0593831,1.93465,0
4,18,4,13.8923,0.380418,-0.845595,6.46894,0.240922,0.0570135,1.80443,0
5,18,4,13.3946,0.360611,0.248938,2.85175,0.243884,0.0277103,1.85134,0
6,18,4,12.976,0.793054,-0.492444,-0.36908,0.246749,0.0239194,1.91605,0
7,18,4,12.2397,0.73869,-0.823987,-1.27368,0.244821,0.0263124,1.89616,0
8,18,4,11.2192,0.675485,-0.88464,0.421979,0.242132,0.0538958,1.83604,0
9,18,4,11.0392,0.532982,0.68816,1.24333,0.251033,0.025416,1.9961,0
10,18,4,11.6269,0.370755,1.10861,1.06354,0.243477,0.0380874,1.87498,0
11,18,4,12.2572,0.230845,0.684917,-1.12935,0.241952,0.0403898,1.83934,0
12,18,4,12.1336,0.112756,-0.166631,-3.36359,0.240138,0.0936547,1.79193,0
13,18,4,11.7966,-0.00509648,-0.50797,-4.1334,0.239836,0.0801472,1.78546,0
14,18,4,11.1888,-0.248666,-0.602665,-3.4547,0.242785,0.026336,1.86821,0
15,18,4,9.30564,-1.57662,-0.464052,-0.693712,0.248991,0.00598822,2.39403,0
16,18,4,2.01282,1.70202,0.271261,9.12602,0.257785,0.00732529,3.45881,0
17,18,4,11.4579,-0.891559,-0.441748,-5.65955,0.241955,0.0263877,1.83809,0
18,18,4,11.6659,0.18473,-1.11549,-8.92612,0.245263,0.0134475,3.93274,0
19,18,4,11.6252,0.462915,-0.915509,-9.29068,0.243141,0.0128301,3.16498,0
20,18,4,8.23098,2.23215,-1.99598,-6.68262,0.251174,0.0116813,2.34526,0
21,18,4,9.07944,0.994094,-0.805447,-2.59674,0.251748,0.0350109,2.03962,0
22,18,4,9.7559,0.831168,-0.465952,-1.45625,0.247812,0.053973,1.86098,0
23,18,4,10.0036,0.752977,-0.300714,-0.693491,0.245602,0.0802745,1.8245,0
0,19,4,10.3924,0.352809,2.59054,34.6341,0.256182,0.0114599,2.50666,0
1,19,4,12.6527,0.438587,4.63949,25.9318,0.249327,0.018147,2.2308,0
2,19,4,12.5819,0.386514,3.86051,22.1552,0.247191,0.0166834,2.13224,0
3,19,4,14.338,0.345915,-0.723818,9.19038,0.243111,0.125284,1.94048,0
4,19,4,12.3411,0.060669,1.12316,6.7369,0.241892,0.0368024,1.82023,0
5,19,4,13.4169,0.191401,-0.185486,1.90044,0.248758,0.0159088,2.02806,0
6,19,4,13.2451,0.441292,-1.47621,-2.04754,0.248137,0.0171669,2.09495,0
7,19,4,12.0719,0.712698,-1.16071,-2.82469,0.243823,0.0324998,1.89585,0
8,19,4,11.4932,0.481971,-0.228973,0.219916,0.240717,0.0706712,1.8,0
9,19,4,11.0946,1.05012,-0.0129369,0.194774,0.245002,0.0245635,1.90004,0
10,19,4,11.4675,0.637867,0.443092,0.767193,0.243403,0.0356193,1.88233,0
11,19,4,11.9833,0.415277,0.262154,-0.929689,0.241479,0.0460893,1.82724,0
12,19,4,11.8686,0.246077,-0.354097,-2.88761,0.239976,0.100375,1.78844,0
13,19,4,11.5312,0.19127,-0.544919,-3.56515,0.239759,0.0838787,1.78396,0
14,19,4,11.0881,-0.0660977,-0.632795,-3.03102,0.242046,0.0309159,1.84416,0
15,19,4,6.89638,0.45013,0.0952253,0.936028,0.259976,0.00808474,2.82011,0
16,19,4,2.85963,2.80253,1.71487,11.6321,0.25031,0.00401001,3.05871,0
17,19,4,10.921,-0.441883,0.358427,-7.72372,0.242567,0.0220201,2.13158,0
18,19,4,11.3269,-0.0552852,0.152799,-7.8114,0.243617,0.0390791,1.87587,0
19,19,4,3.04084,-3.17937,-1.26571,-32.4949,0.237439,0.00237008,18.3652,0
20,19,4,9.79985,-0.0767564,-1.25414,-5.37429,0.24391,0.0453459,1.96829,0
21,19,4,8.84054,0.248098,-0.984982,-3.18989,0.255827,0.0274831,2.1192,0
22,19,4,9.71818,0.299795,-0.640677,-1.92372,0.250597,0.0500317,1.90883,0
23,19,4,10.0017,0.289283,-0.486351,-1.05022,0.247565,0.0791328,1.84679,0
0,20,4,9.98354,0.334087,1.24348,29.2642,0.247552,0.0132166,2.13511,0
1,20,4,11.1175,2.27107,4.14124,28.0671,0.249208,0.0103173,2.2675,0
2,20,4,12.3704,1.30998,3.72462,20.9111,0.246995,0.0159945,2.11348,0
3,20,4,13.4721,0.496539,-0.549646,9.77106,0.250718,0.0280604,2.0874,0
4,20,4,11.8243,0.329743,1.73994,8.8113,0.246019,0.0305872,1.8966,0
5,20,4,12.4455,-1.47563,0.172166,4.83167,0.252816,0.00977234,2.33698,0
6,20,4,12.6633,0.0069925,-1.37055,-9.28851,0.242636,0.0218264,1.91405,0
7,20,4,12.5536,0.606822,-1.30113,-5.86877,0.243017,0.0189356,1.87831,0
8,20,4,11.8454,0.564992,-1.60327,-4.24945,0.243703,0.0254822,1.85375,0
9,20,4,8.25019,3.09113,-1.01253,-4.13732,0.252581,0.00740076,3.87154,0
10,20,4,11.0224,0.807677,0.237493,0.403231,0.244835,0.0291219,1.91828,0
11,20,4,11.5107,0.620392,0.0709213,-0.59685,0.242276,0.0554135,1.84104,0
12,20,4,11.5749,0.42154,-0.323357,-2.12527,0.239725,0.12286,1.7835,0
13,20,4,11.4236,0.372402,-0.552652,-2.84076,0.239529,0.0983625,1.77993,0
14,20,4,11.105,0.253833,-0.718887,-2.81007,0.241444,0.0361643,1.82413,0
15,20,4,9.89322,0.57415,-1.17885,-2.44208,0.247332,0.0148844,2.13596,0
16,20,4,8.53259,1.63603,0.303745,1.03516,0.256346,0.01041,2.50766,0
17,20,4,6.43635,7.69227,2.0145,8.06164,0.246722,0.0036334,2.56302,0
18,20,4,7.62845,-2.47328,-3.20204,-21.2792,0.251758,0.00231222,3.80063,0
19,20,4,3.16941,-4.23953,-3.42672,-29.5093,0.252187,0.00277195,6.15874,0
20,20,4,10.1827,-0.142544,-1.06469,-5.15265,0.242882,0.127168,1.90993,0
21,20,4,9.03507,-0.178734,-1.09499,-3.56286,0.2506,0.0360626,1.99931,0
22,20,4,9.7372,-0.0569845,-0.753389,-2.33879,0.247446,0.0560297,1.8557,0
23,20,4,9.97895,-0.0300462,-0.617119,-1.43622,0.245486,0.0919518,1.81771,0
0,21,4,10.1147,0.995431,1.0678,26.5222,0.246494,0.0113128,2.18149,0
1,21,4,11.6085,3.43195,3.32012,22.9007,0.249224,0.00994915,2.2807,0
2,21,4,12.6633,2.32755,2.30122,15.6802,0.250142,0.0125587,2.24058,0
3,21,4,12.1424,1.37743,1.43236,10.7864,0.247693,0.0239506,1.98604,0
4,21,4,11.1263,0.319237,0.962435,9.93074,0.251092,0.0151024,2.11977,0
5,21,4,6.77,-1.44251,1.66687,14.4309,0.258734,0.00815988,2.73875,0
6,21,4,14.2733,0.83829,1.30074,7.53023,0.246246,0.00487136,5.48985,0
7,21,4,12.37,0.0825643,-0.288824,-0.470474,0.243995,0.0255154,2.34085,0
8,21,4,12.3878,-0.26031,-0.247649,-2.68931,0.247067,0.0159835,2.29816,0
9,21,4,2.73697,1.94638,-1.89852,-7.20231,0.253833,0.00830505,4.53354,0
10,21,4,10.5557,0.714113,-0.349285,-0.051234,0.250323,0.0204695,2.07878,0
11,21,4,11.3522,0.55296,-0.101931,-0.262256,0.243957,0.0485527,1.8727,0
12,21,4,11.5357,0.229715,-0.260605,-1.056,0.245015,0.0513102,1.82959,0
13,21,4,11.485,0.336774,-0.671127,-2.25147,0.24077,0.0673649,1.79033,0
14,21,4,11.1575,0.314262,-0.862143,-2.4732,0.242916,0.0353194,1.83301,0
15,21,4,10.1119,0.509976,-1.36207,-2.59212,0.245766,0.0205536,1.98694,0
16,21,4,9.94656,0.913459,-0.6315,-1.40374,0.249565,0.0204099,2.02977,0
17,21,4,9.69333,3.15847,0.662498,2.70051,0.247644,0.00607971,2.32481,0
18,21,4,11.3249,-2.7931,-1.62591,-9.44673,0.246072,0.0209027,2.0243,0
19,21,4,9.48648,-3.29714,-2.52822,-11.6161,0.246503,0.0121837,2.1727,0
20,21,4,9.50274,-1.18319,-1.47708,-5.18748,0.24737,0.0366889,1.96057,0
21,21,4,9.8208,-0.373285,-0.942803,-3.60725,0.246749,0.0490885,1.86002,0
22,21,4,9.98496,-0.207453,-0.649573,-2.46934,0.243123,0.0995576,1.80188,0
23,21,4,10.0899,-0.114344,-0.499261,-1.60479,0.240854,0.135099,1.7828,0
0,22,4,10.0808,0.637949,0.417585,18.4904,0.243327,0.0325148,1.9039,0
1,22,4,11.2728,2.07193,1.48844,16.5049,0.243106,0.0568298,1.87822,0
2,22,4,10.9651,1.45011,0.952928,15.4527,0.246188,0.0262261,1.91607,0
3,22,4,11.2772,1.08068,0.71848,13.0074,0.245264,0.0400985,1.85733,0
4,22,4,10.3531,0.910012,0.82827,12.825,0.24773,0.0252237,1.90413,0
5,22,4,6.51962,1.48203,1.9675,17.2491,0.257321,0.0088591,2.60946,0
6,22,4,11.8636,2.10305,0.743629,8.97122,0.245297,0.0130824,2.45465,0
7,22,4,12.31,0.366145,0.290809,1.53712,0.241367,0.0394892,1.8109,0
8,22,4,12.5611,-0.0546828,0.0474856,-2.63182,0.240994,0.0429447,2.12904,0
9,22,4,9.40987,-2.65222,-0.587465,-5.76529,0.256201,0.0061277,4.76485,0
10,22,4,10.4853,-0.398606,-1.0628,-1.32008,0.25169,0.0172423,2.14775,0
11,22,4,10.5575,-0.0553009,-0.0529172,-0.0253641,0.251172,0.0333416,2.03911,0
12,22,4,11.5562,-0.112295,-0.366172,-0.973408,0.241009,0.0841617,1.78865,0
13,22,4,11.5874,-0.16217,-0.581076,-1.76326,0.240139,0.0962614,1.78132,0
14,22,4,11.4572,-0.168921,-0.70976,-2.49626,0.240898,0.0661433,1.78786,0
15,22,4,11.0065,0.219624,-0.883968,-2.49888,0.245981,0.0433328,1.85331,0
16,22,4,11.1066,0.179162,-0.418713,-3.20601,0.240811,0.103334,1.78883,0
17,22,4,11.8645,0.798917,-0.427372,-4.07963,0.246977,0.0211794,1.99204,0
18,22,4,11.5688,-1.17431,-1.03568,-6.75285,0.249168,0.0186049,2.00742,0
19,22,4,10.7241,-1.28907,-1.13609,-5.20611,0.244068,0.052594,1.84331,0
20,22,4,10.4518,-0.811712,-0.941691,-4.36136,0.247319,0.0471935,1.85389,0
21,22,4,10.2524,-0.494151,-0.688833,-3.31762,0.244618,0.0801704,1.8142,0
22,22,4,10.2219,-0.32496,-0.530691,-2.37429,0.241128,0.130166,1.78005,0
23,22,4,10.1956,-0.206229,-0.41738,-1.59056,0.239711,0.135266,1.77214,0
0,23,4,10.0664,0.333827,0.20343,15.674,0.239968,0.0780387,1.79451,0
1,23,4,10.6236,1.2772,0.896618,14.9112,0.244115,0.0495163,1.82931,0
2,23,4,10.9296,0.969027,0.788738,13.7957,0.241553,0.128628,1.80097,0
3,23,4,10.9465,0.793548,0.68715,12.7204,0.240487,0.134795,1.7841,0
4,23,4,10.9268,1.2052,0.818471,11.9604,0.24396,0.0575724,1.80927,0
5,23,4,10.5209,1.91144,0.840283,12.247,0.24939,0.016903,2.03014,0
6,23,4,11.5238,0.604748,0.430616,7.82581,0.242295,0.0579373,1.80306,0
7,23,4,11.917,0.210438,0.226369,4.75531,0.241843,0.0667458,1.7993,0
8,23,4,12.2681,-0.56034,-0.109073,0.351267,0.24081,0.0502307,1.79966,0
9,23,4,12.1062,-0.895393,-0.243745,-0.583139,0.2413,0.0431862,1.81546,0
10,23,4,11.5635,-0.33568,-0.241123,-0.529022,0.242023,0.0559815,1.81966,0
11,23,4,11.3979,-0.0126427,-0.17724,-0.605737,0.243415,0.0623572,1.82319,0
12,23,4,11.8269,0.114423,-0.237194,-1.71118,0.239424,0.134792,1.77625,0
13,23,4,11.8003,-0.0120034,-0.424759,-2.35923,0.239579,0.13506,1.77387,0
14,23,4,11.6702,-0.0774255,-0.545177,-2.82776,0.240564,0.10733,1.77785,0
15,23,4,11.564,0.0789634,-0.553411,-3.12464,0.240762,0.118358,1.77825,0
16,23,4,11.5936,0.100055,-0.514781,-3.46884,0.239687,0.135129,1.77376,0
17,23,4,11.6145,-0.288246,-0.575288,-3.95272,0.239562,0.135122,1.77293,0
18,23,4,11.4703,-0.610449,-0.675583,-4.33338,0.240392,0.108329,1.77785,0
19,23,4,11.1264,-0.682883,-0.716622,-4.30918,0.243455,0.0654533,1.79676,0
20,23,4,10.7697,-0.585754,-0.640501,-3.80375,0.243384,0.0847177,1.79384,0
21,23,4,10.5328,-0.420924,-0.519454,-3.07987,0.242169,0.115467,1.7846,0
22,23,4,10.4092,-0.297579,-0.4117,-2.29209,0.239992,0.135341,1.77325,0
23,23,4,10.3054,-0.209722,-0.344813,-1.5831,0.239019,0.135167,1.76832,0
0,0,5,10.0639,0.0374034,0.0149878,144.007,0.238476,0.134682,1.77066,0
1,0,5,9.7051,0.442473,0.114564,143.973,0.247716,0.0288915,1.90943,0
2,0,5,10.5229,-0.439024,0.0801844,143.459,0.249138,0.015592,2.12945,0
3,0,5,17.3033,-1.99659,0.0882211,132.993,0.253248,0.00375601,2.94095,0
4,0,5,26.9581,0.894113,0.0912215,35.7106,0.242339,0.00422982,2.15474,0
5,0,5,26.3363,1.09182,0.0916216,-100.801,0.245028,0.0120983,2.10548,0
6,0,5,23.9474,-0.199519,0.164096,-119.023,0.241399,0.0138632,1.873,0
7,0,5,23.1954,0.186864,0.163128,-113.081,0.24216,0.0071247,1.96899,0
8,0,5,11.5064,-0.713466,0.204168,-45.3016,0.24323,0.0210557,2.17575,0
9,0,5,7.92947,-0.541285,0.321875,-31.4143,0.241477,0.0822557,1.91819,0
10,0,5,10.8205,-0.527237,0.248119,-21.1169,0.257725,0.0138151,2.36908,0
11,0,5,8.62331,0.824061,1.79301,0.930181,0.253204,0.0043082,2.73683,0
12,0,5,12.5548,0.366273,1.38413,-3.26416,0.245507,0.0138994,2.03253,0
13,0,5,11.0709,0.194929,0.575916,-2.11982,0.24518,0.0269512,1.86348,0
14,0,5,10.1038,0.0674585,0.23076,-1.07165,0.242708,0.0573028,1.81591,0
15,0,5,9.85506,-0.0291918,0.012525,-0.520667,0.240355,0.0782212,3.07276,0
16,0,5,10.0221,-0.0263887,-0.0187811,0.12291,0.240259,0.108758,1.79094,0
17,0,5,10.2817,-0.0171698,-0.121292,-0.185752,0.240427,0.0813451,1.78674,0
18,0,5,10.5725,0.0812153,-0.612836,-1.52069,0.241889,0.0335565,1.82871,0
19,0,5,4.76709,-1.01791,-2.5997,-5.60419,0.253393,0.00402443,3.17319,0
20,0,5,8.9029,-0.512836,-1.36562,0.0863464,0.253676,0.0177879,2.17373,0
21,0,5,9.50771,-0.21401,-0.637719,0.999038,0.243654,0.0872831,1.82779,0
22,0,5,9.73433,-0.187977,-0.507456,1.0976,0.242605,0.110876,1.80082,0
23,0,5,9.83664,-0.160941,-0.396448,1.03797,0.241442,0.129095,1.78671,0
0,1,5,10.1377,0.104958,0.0158946,142.998,0.23833,0.134578,1.77095,0
1,1,5,7.71481,2.28978,0.174379,143.888,0.260131,0.0142723,2.4781,0
2,1,5,7.25593,-0.943469,0.111271,146.838,0.264083,0.0106061,2.77708,0
3,1,5,5.43174,-3.96526,0.101105,151.919,0.260044,0.00335579,3.29459,0
4,1,5,17.8393,-14.8716,0.102385,74.9425,0.289038,0.000303919,64.0945,0
5,1,5,,,,,,,,1
6,1,5,24.7895,-2.15911,-0.0451596,-134.207,0.320437,0.00302103,63.97,0
7,1,5,12.4031,2.08851,0.160141,-86.3162,0.249712,0.00613472,3.95445,0
8,1,5,6.44119,0.059236,0.147673,-40.484,0.260225,0.00764659,3.31572,0
9,1,5,10.5929,0.00103843,0.0940368,-26.1807,0.252131,0.0226579,2.15197,0
10,1,5,9.65211,1.6448,-0.424653,-13.0214,0.26305,0.013786,2.43954,0
11,1,5,8.72946,2.548,1.08649,-6.09607,0.252793,0.0220228,2.04911,0
12,1,5,9.91159,3.34917,1.12918,0.973025,0.245052,0.0106713,2.07882,0
13,1,5,9.90506,0.409969,0.518712,-2.3421,0.245976,0.0195257,2.18069,0
14,1,5,9.34288,0.131342,0.385651,-1.82263,0.240773,0.0661757,2.90326,0
15,1,5,9.69656,0.0300785,0.2351,-1.23245,0.242516,0.0464323,3.00392,0
16,1,5,9.93075,-0.102648,-0.0262979,0.208075,0.24052,0.118466,1.73585,0
17,1,5,10.2004,-0.129958,-0.293361,-0.16005,0.241705,0.0401757,1.80145,0
18,1,5,10.0258,-2.01432,-1.4712,-3.28097,0.245605,0.0160767,2.05087,0
19,1,5,9.68243,-1.27157,-1.09879,-1.4076,0.246358,0.023769,1.93171,0
20,1,5,9.29063,-0.501118,-0.710785,0.339159,0.24007,0.134025,1.79123,0
21,1,5,9.56046,-0.259392,-0.488696,0.696862,0.239424,0.1346,1.77878,0
22,1,5,9.72965,-0.218619,-0.346585,0.832262,0.238555,0.134764,1.77016,0
23,1,5,9.86389,-0.18289,-0.252388,0.794772,0.238004,0.134782,1.76585,0
0,2,5,10.0075,0.550182,0.0279862,138.715,0.23949,0.0559833,1.81207,0
1,2,5,6.5593,5.94673,0.220673,140.5,0.260485,0.00953131,2.71454,0
2,2,5,4.21202,1.75244,0.158462,146.57,0.278409,0.00847674,3.50312,0
3,2,5,0.299112,0.807728,0.23407,153.399,0.239695,0.0277647,8.63309,0
4,2,5,,,,,,,,1
5,2,5,,,,,,,,1
6,2,5,,,,,,,,1
7,2,5,1.56635,-5.0595,-0.243256,-53.2796,0.356026,0.00133606,27.5754,0
8,2,5,-1.23196,-1.08057,0.135472,-33.2223,0.2845,0.00924981,3.6647,0
9,2,5,-4.20003,-2.65889,0.148311,-25.0208,0.292565,0.0139615,3.73503,0
10,2,5,8.8977,1.73131,0.0228965,-11.7882,0.265409,0.0189536,2.4243,0
11,2,5,8.14155,1.92714,0.755106,-5.43529,0.255857,0.0187593,2.1137,0
12,2,5,3.80746,-0.0422061,0.568964,-5.98652,0.313583,0.0183845,3.4312,0
13,2,5,7.55644,-0.377429,0.44856,-0.485191,0.263769,0.0253805,2.22139,0
14,2,5,9.2707,0.480542,0.347689,0.0252071,0.25402,0.0419096,2.0462,0
15,2,5,8.51433,-0.369361,0.0712172,0.216461,0.249481,0.0517499,1.82079,0
16,2,5,9.11339,-0.556369,-0.187608,0.0456791,0.247786,0.0509862,1.81867,0
17,2,5,9.33835,-0.570537,-0.287728,-0.104353,0.244834,0.0628968,1.80993,0
18,2,5,9.36726,-1.00433,-0.713713,-0.40787,0.241623,0.101578,1.78963,0
19,2,5,9.32057,-0.670494,-0.570985,-0.134076,0.23987,0.134945,1.77753,0
20,2,5,9.35415,-0.471511,-0.425379,0.198712,0.239212,0.134991,1.77206,0
21,2,5,9.43947,-0.364439,-0.302065,0.455789,0.238588,0.134965,1.76777,0
22,2,5,9.56163,-0.307492,-0.217984,0.580503,0.238279,0.134984,1.76524,0
23,2,5,9.69208,-0.277424,-0.159881,0.570133,0.238136,0.134982,1.76421,0
0,3,5,9.98115,1.61406,0.037057,127.594,0.248858,0.021267,2.06419,0
1,3,5,6.83673,11.8083,0.290303,130.723,0.250644,0.0188928,2.2469,0
2,3,5,4.09088,6.21311,0.183597,138.681,0.263098,0.00820046,2.88982,0
3,3,5,-1.32993,6.40067,0.247314,148.544,0.26427,0.0134235,3.66853,0
4,3,5,,,,,,,,1
5,3,5,,,,,,,,1
6,3,5,,,,,,,,1
7,3,5,3.61802,2.8247,0.0802911,-42.8934,0.256582,0.00110146,52.9742,0
8,3,5,-2.10043,-4.56884,0.125219,-33.9788,0.265093,0.0151658,3.06764,0
9,3,5,6.05846,-5.82751,0.140297,-26.4084,0.253628,0.0191784,2.34292,0
10,3,5,4.33553,-3.77837,0.217512,-20.6666,0.274947,0.0141793,2.88314,0
11,3,5,6.22781,-2.54309,0.434112,-14.9856,0.284399,0.0165384,2.95043,0
12,3,5,7.7114,-1.2144,0.380071,-6.78554,0.27414,0.0315171,2.207,0
13,3,5,8.11986,-0.926201,0.250335,-4.52017,0.273127,0.0463689,2.0421,0
14,3,5,8.69336,-0.947951,0.14206,-2.9882,0.262413,0.0650702,1.92431,0
15,3,5,9.15689,-1.06867,0.0227541,-1.8418,0.256434,0.06012,1.85416,0
16,3,5,9.27834,-0.886599,-0.142072,-1.26854,0.249279,0.0955259,1.81811,0
17,3,5,9.30348,-0.649472,-0.292305,-0.16675,0.243636,0.089929,1.79394,0
18,3,5,9.63775,-1.12697,-0.379414,-0.746926,0.242336,0.1027,1.78429,0
19,3,5,9.50507,-0.810618,-0.378089,-0.490829,0.242354,0.105695,1.78341,0
20,3,5,9.54212,-0.683027,-0.31232,-0.24183,0.241532,0.1246,1.77897,0
21,3,5,9.58724,-0.578896,-0.248636,-0.00700488,0.240405,0.135561,1.77341,0
22,3,5,9.67918,-0.524986,-0.188719,0.16471,0.239533,0.135374,1.76942,0
23,3,5,9.77519,-0.477925,-0.147792,0.229858,0.238859,0.135221,1.76644,0
0,4,5,9.99731,2.43017,0.0622344,104.7,0.257575,0.0147587,2.36443,0
1,4,5,11.1278,9.25425,0.286473,98.6409,0.252423,0.0101626,2.30533,0
2,4,5,7.6468,11.5687,0.267653,116.555,0.247218,0.0169027,2.19461,0
3,4,5,3.25913,10.2591,0.22274,128.981,0.248352,0.00335118,2.69273,0
4,4,5,,,,,,,,1
5,4,5,,,,,,,,1
6,4,5,,,,,,,,1
7,4,5,0.596617,-2.37982,-0.484431,-70.3742,0.275285,0.00173945,6.83643,0
8,4,5,9.06283,-6.51677,-0.066929,-43.7839,0.24718,0.00950661,2.21754,0
9,4,5,9.37443,-4.83999,-0.0323979,-30.6129,0.250635,0.0116437,2.27338,0
10,4,5,8.11327,-3.01927,-0.1375,-23.6092,0.260696,0.0158491,2.42231,0
11,4,5,9.43001,-2.20183,0.0504335,-18.3907,0.264253,0.0231963,2.21991,0
12,4,5,9.9765,-1.6021,0.313504,-10.3597,0.260711,0.0406827,1.89942,0
13,4,5,10.087,-1.45647,0.249217,-7.63186,0.262565,0.0446494,1.88667,0
14,4,5,10.3604,-1.31865,0.159482,-5.67405,0.258938,0.0547135,1.85805,0
15,4,5,10.5038,-1.21049,0.0890204,-4.1132,0.253218,0.0660703,1.82782,0
16,4,5,10.347,-1.05628,-0.0273198,-3.00305,0.249029,0.0792561,1.80964,0
17,4,5,10.4634,-1.0546,-0.139449,-2.33445,0.245163,0.101811,1.79368,0
18,4,5,10.4262,-1.04804,-0.236005,-1.7444,0.244207,0.0849304,1.78943,0
19,4,5,10.1393,-0.737886,-0.284125,-1.28452,0.243401,0.0989517,1.78519,0
20,4,5,10.1418,-0.665277,-0.261384,-0.967621,0.242036,0.120635,1.77927,0
21,4,5,10.1034,-0.593276,-0.229276,-0.653881,0.240899,0.135765,1.77438,0
22,4,5,10.1112,-0.568831,-0.188725,-0.402764,0.239944,0.135501,1.77079,0
23,4,5,10.1079,-0.519073,-0.157072,-0.219681,0.239126,0.135296,1.76743,0
0,5,5,10.0646,2.32547,0.0947071,80.1137,0.258066,0.0156991,2.3379,0
1,5,5,11.2755,12.9445,0.636991,77.9719,0.247233,0.0463525,2.04234,0
2,5,5,10.2646,9.21751,0.376544,80.5402,0.245845,0.0133661,2.059,0
3,5,5,15.587,10.8986,0.485754,64.8368,0.242385,0.0217698,2.04928,0
4,5,5,19.659,1.4603,0.47547,-2.18343,0.244551,0.00450098,5.30659,0
5,5,5,17.7345,-0.696649,0.757308,-15.0331,0.245553,0.015624,2.0799,0
6,5,5,18.5614,-0.923779,0.355382,-26.9719,0.242485,0.00818749,1.94825,0
7,5,5,18.7445,-1.68705,0.28704,-32.533,0.24344,0.00821705,2.00712,0
8,5,5,11.9993,-5.3063,-0.118147,-39.0359,0.245813,0.00852207,2.14859,0
9,5,5,10.6526,-5.01537,-0.663938,-29.3593,0.244265,0.0342356,2.01552,0
10,5,5,10.9909,-2.56125,-0.496143,-23.6407,0.253022,0.0204229,2.09219,0
11,5,5,11.026,-1.8191,-0.338989,-19.2447,0.248087,0.0442212,1.92018,0
12,5,5,11.1188,-1.38904,0.0135759,-12.4143,0.239897,0.135064,1.77618,0
13,5,5,11.1296,-1.43241,0.0536438,-9.76489,0.239115,0.13503,1.77083,0
14,5,5,11.117,-1.18229,0.0307265,-7.60864,0.238693,0.135006,1.76801,0
15,5,5,11.1146,-1.00985,0.0196675,-5.87355,0.2383,0.134922,1.76621,0
16,5,5,10.9385,-0.9629,-0.0592425,-4.54623,0.238657,0.135064,1.76699,0
17,5,5,10.9277,-0.906863,-0.135848,-3.60393,0.238209,0.13495,1.76516,0
18,5,5,10.8341,-0.850422,-0.204371,-2.7788,0.23917,0.1352,1.76901,0
19,5,5,10.5386,-0.693967,-0.239383,-2.14346,0.239167,0.135244,1.76841,0
20,5,5,10.5095,-0.654284,-0.23129,-1.71551,0.238651,0.135111,1.76633,0
21,5,5,10.4267,-0.607875,-0.203905,-1.30052,0.23836,0.135036,1.76516,0
22,5,5,10.3667,-0.570873,-0.181633,-0.937313,0.238104,0.134963,1.76422,0
23,5,5,10.3229,-0.540016,-0.161129,-0.6346,0.237841,0.134903,1.76305,0
0,6,5,10.0022,1.7469,0.133654,62.9406,0.256794,0.0207305,2.10118,0
1,6,5,11.9704,8.92587,0.806559,61.0053,0.255893,0.0108831,2.36797,0
2,6,5,14.5622,8.87927,0.895328,54.3122,0.244791,0.122679,1.99538,0
3,6,5,14.1072,6.117,0.591871,47.2326,0.245146,0.0118883,2.08499,0
4,6,5,17.3703,3.1033,0.774667,23.7365,0.247621,0.0107317,2.1873,0
5,6,5,19.2017,-1.68212,1.21049,4.84864,0.243954,0.0343807,1.97799,0
6,6,5,17.218,-0.579058,0.358085,-7.89152,0.245562,0.0149944,2.00756,0
7,6,5,16.7786,-2.52791,-0.0706186,-20.6071,0.246403,0.015079,2.04121,0
8,6,5,15.2208,-5.60219,-1.0086,-25.1804,0.243716,0.0265844,1.9702,0
9,6,5,13.3509,-3.4785,-1.07571,-23.8577,0.253247,0.0152006,2.24739,0
10,6,5,12.0507,-2.27528,-0.962323,-20.9866,0.249274,0.0308045,2.03369,0
11,6,5,11.5106,-1.68877,-0.748043,-18.0608,0.243121,0.0640688,1.8351,0
12,6,5,11.3055,-1.27527,-0.32469,-12.7911,0.239083,0.134946,1.77169,0
13,6,5,11.2303,-1.26388,-0.179396,-10.5762,0.238591,0.134893,1.76874,0
14,6,5,11.135,-1.2327,-0.17291,-8.60033,0.238318,0.134899,1.76665,0
15,6,5,11.0964,-1.0099,-0.114924,-6.91386,0.238307,0.134894,1.76662,0
16,6,5,10.9067,-0.884328,-0.167734,-5.56304,0.238173,0.134907,1.76546,0
17,6,5,10.8767,-0.796743,-0.201009,-4.50812,0.23788,0.134851,1.76402,0
18,6,5,10.7995,-0.712872,-0.246501,-3.5647,0.238262,0.134938,1.76571,0
19,6,5,10.5414,-0.576664,-0.252466,-2.82146,0.238128,0.134937,1.76474,0
20,6,5,10.5181,-0.561289,-0.246061,-2.28798,0.237842,0.134872,1.76346,0
21,6,5,10.4424,-0.54268,-0.217954,-1.7776,0.237777,0.134857,1.76318,0
22,6,5,10.3791,-0.516347,-0.193582,-1.31443,0.237673,0.134838,1.76266,0
23,6,5,10.3381,-0.502432,-0.179729,-0.913972,0.237556,0.134815,1.76209,0
0,7,5,10.0439,1.30939,0.175127,51.1938,0.249221,0.0269787,1.94944,0
1,7,5,11.5773,6.50617,1.00417,49.627,0.256578,0.016084,2.25342,0
2,7,5,13.8177,6.05908,1.11178,44.6077,0.255896,0.0147266,2.30019,0
3,7,5,15.8164,4.36487,1.38883,35.2058,0.252503,0.0200675,2.17543,0
4,7,5,16.8171,1.43075,1.87565,24.2489,0.251834,0.0189741,2.15096,0
5,7,5,17.601,-0.810617,1.93484,13.3519,0.249949,0.0227238,2.10135,0
6,7,5,15.638,-0.152733,0.477658,0.912516,0.242478,0.0309559,1.8583,0
7,7,5,15.5471,-1.3181,-0.196546,-9.04279,0.243403,0.0282661,1.85993,0
8,7,5,15.213,-1.79359,0.123912,-13.0791,0.242554,0.0302681,1.84497,0
9,7,5,14.2792,-1.81959,-0.475609,-16.6064,0.241509,0.0415013,1.82664,0
10,7,5,12.4907,-2.29876,-1.84995,-18.124,0.243928,0.0395832,1.87133,0
11,7,5,11.8586,-1.85935,-1.20208,-16.4754,0.244405,0.0488985,1.83667,0
12,7,5,11.4501,-1.71041,-0.824549,-14.4586,0.241801,0.109093,1.79726,0
13,7,5,11.2694,-1.44907,-0.361612,-10.5898,0.238953,0.134983,1.77025,0
14,7,5,11.1523,-1.27073,-0.258039,-8.91932,0.238925,0.135061,1.76901,0
15,7,5,11.0752,-1.04224,-0.137606,-7.4075,0.238821,0.135031,1.76864,0
16,7,5,10.9938,-0.915511,-0.19191,-6.13091,0.238621,0.135025,1.76724,0
17,7,5,10.9352,-0.803121,-0.188307,-5.05133,0.238454,0.135008,1.76622,0
18,7,5,10.8643,-0.695125,-0.212008,-4.087,0.238818,0.135091,1.76783,0
19,7,5,10.6656,-0.600763,-0.287313,-3.27845,0.238661,0.13508,1.76681,0
20,7,5,10.6238,-0.584351,-0.288256,-2.65232,0.238309,0.135,1.76526,0
21,7,5,10.5438,-0.562025,-0.257334,-2.06967,0.238124,0.134957,1.76445,0
22,7,5,10.4808,-0.5429,-0.224945,-1.53571,0.237973,0.134917,1.76384,0
23,7,5,10.4276,-0.52289,-0.207555,-1.06855,0.237811,0.134882,1.7631,0
0,8,5,10.0592,0.929201,0.212679,43.4708,0.244537,0.0379188,1.86023,0
1,8,5,11.1911,4.61844,1.21972,42.2514,0.255053,0.0223607,2.04484,0
2,8,5,12.758,4.13067,1.38124,38.73,0.257763,0.0206659,2.12666,0
3,8,5,14.1321,2.92434,1.71138,32.7794,0.258278,0.0200647,2.15257,0
4,8,5,15.0742,1.5198,2.37216,25.5271,0.257004,0.0207515,2.15008,0
5,8,5,16.1768,0.0783592,2.94407,17.6729,0.25196,0.0263047,2.07803,0
6,8,5,14.9508,-0.016478,0.782183,5.7454,0.243455,0.0355662,1.8752,0
7,8,5,14.8881,-0.779099,0.0245115,-3.63197,0.240914,0.0553234,1.8059,0
8,8,5,14.5555,-1.22993,-0.531189,-10.1714,0.240304,0.0635434,1.79541,0
9,8,5,14.4136,-1.3082,-0.40657,-12.4792,0.24004,0.0680235,1.7941,0
10,8,5,13.057,-1.9231,-2.77384,-16.0149,0.243624,0.03953,1.88535,0
11,8,5,12.0496,-1.67588,-1.67523,-15.042,0.247893,0.0339699,1.88884,0
12,8,5,11.4942,-1.53132,-1.07318,-13.4755,0.244395,0.0744195,1.82057,0
13,8,5,11.1828,-1.25377,-0.340634,-10.1747,0.240046,0.135237,1.77501,0
14,8,5,11.1806,-1.18172,-0.200734,-8.74011,0.239239,0.135122,1.77053,0
15,8,5,11.1092,-1.01022,-0.0806304,-7.4235,0.238811,0.135027,1.76862,0
16,8,5,11.1109,-0.937944,-0.146781,-6.28561,0.23861,0.135019,1.76723,0
17,8,5,11.0264,-0.808954,-0.133901,-5.25748,0.238554,0.135035,1.76662,0
18,8,5,10.9488,-0.701359,-0.164831,-4.34776,0.238804,0.135084,1.76782,0
19,8,5,10.827,-0.642589,-0.280753,-3.54549,0.238774,0.135104,1.76733,0
20,8,5,10.7427,-0.614353,-0.27958,-2.85179,0.238494,0.135045,1.76603,0
21,8,5,10.6507,-0.59116,-0.25104,-2.21666,0.238247,0.134987,1.76496,0
22,8,5,10.5807,-0.565667,-0.216126,-1.63511,0.238027,0.134929,1.76409,0
23,8,5,10.5243,-0.538746,-0.196956,-1.13078,0.237874,0.134896,1.76339,0
0,9,5,10.058,0.652117,0.243035,38.3257,0.242116,0.0530996,1.81646,0
1,9,5,10.8978,3.26684,1.43942,37.3886,0.251062,0.0298495,1.92093,0
2,9,5,12.0473,2.91557,1.64779,34.9023,0.254134,0.0283086,1.97053,0
3,9,5,13.1138,2.20248,2.00693,30.8266,0.254492,0.0286924,1.98529,0
4,9,5,14.026,1.43881,2.64545,25.6181,0.253662,0.0277339,1.98727,0
5,9,5,15.0844,0.620414,3.30462,19.4979,0.249452,0.0311856,1.95604,0
6,9,5,14.6549,-0.184408,0.770331,7.72427,0.24206,0.0388279,1.84409,0
7,9,5,14.4806,-0.588331,0.781307,0.550401,0.24384,0.026932,1.88137,0
8,9,5,14.5527,-1.14159,-0.812939,-8.09,0.240187,0.0801083,1.79465,0
9,9,5,14.3753,-1.19452,-0.593137,-10.5643,0.240294,0.0486567,1.80313,0
10,9,5,13.3182,-1.77766,-3.0765,-13.7881,0.242046,0.0490662,1.86539,0
11,9,5,12.2472,-1.65947,-1.81392,-13.3456,0.248471,0.0297643,1.89212,0
12,9,5,11.6744,-1.56244,-1.09247,-12.1723,0.24581,0.0636996,1.836,0
13,9,5,11.3811,-1.24668,-0.306804,-9.45503,0.240833,0.135415,1.77848,0
14,9,5,11.3532,-1.16046,-0.183985,-8.2859,0.239767,0.135244,1.77284,0
15,9,5,11.2539,-0.996903,-0.075828,-7.16964,0.238941,0.135069,1.76904,0
16,9,5,11.2365,-0.967268,-0.173503,-6.20639,0.238228,0.13491,1.76583,0
17,9,5,11.1185,-0.838829,-0.154183,-5.27487,0.238299,0.134964,1.76564,0
18,9,5,11.0224,-0.748839,-0.167187,-4.42286,0.238525,0.135004,1.7668,0
19,9,5,10.901,-0.733677,-0.326684,-3.63484,0.238529,0.135028,1.76651,0
20,9,5,10.7886,-0.689405,-0.306908,-2.9071,0.238383,0.135008,1.7657,0
21,9,5,10.689,-0.660244,-0.262828,-2.23488,0.238172,0.134962,1.76474,0
22,9,5,10.6185,-0.632307,-0.219252,-1.62911,0.237982,0.134913,1.76397,0
23,9,5,10.5723,-0.600017,-0.193253,-1.10883,0.237848,0.134882,1.76338,0
0,10,5,10.0448,0.436796,0.280987,34.8449,0.240567,0.0673668,1.79573,0
1,10,5,10.6646,2.25442,1.72324,34.1628,0.247765,0.0357125,1.86777,0
2,10,5,11.599,1.90115,1.94905,32.3614,0.250508,0.0343289,1.90663,0
3,10,5,12.5982,1.57548,2.29704,29.2899,0.253308,0.0298318,1.94559,0
4,10,5,13.5499,1.38461,2.77905,24.9051,0.254032,0.033157,1.92843,0
5,10,5,14.4046,1.13607,3.1181,19.5375,0.251848,0.0329984,1.9172,0
6,10,5,13.6277,0.626996,1.51148,10.3063,0.242144,0.0416068,1.82403,0
7,10,5,14.3075,-0.283836,1.11194,2.34926,0.243643,0.0260979,1.9006,0
8,10,5,14.5183,-0.610308,-0.485387,-5.1381,0.243299,0.0308882,1.87749,0
9,10,5,13.7288,-0.804506,-1.02399,-9.45842,0.242282,0.029071,1.8546,0
10,10,5,13.3303,-1.62405,-2.83042,-11.3446,0.242417,0.0555752,1.87605,0
11,10,5,12.3488,-1.61953,-1.71679,-11.3199,0.249707,0.0295687,1.89537,0
12,10,5,11.7949,-1.48228,-1.07364,-10.5629,0.247881,0.056982,1.84531,0
13,10,5,11.4975,-1.09321,-0.342998,-8.56694,0.241261,0.135511,1.78038,0
14,10,5,11.4529,-1.00456,-0.222331,-7.67589,0.239202,0.135062,1.77105,0
15,10,5,11.3861,-0.95628,-0.199478,-6.78485,0.238776,0.135027,1.76836,0
16,10,5,11.2602,-0.844954,-0.142555,-5.93561,0.238627,0.135034,1.76716,0
17,10,5,11.1363,-0.752832,-0.125825,-5.1065,0.238489,0.135017,1.76637,0
18,10,5,11.0251,-0.678049,-0.133237,-4.30671,0.238395,0.134982,1.76613,0
19,10,5,10.9095,-0.726931,-0.263297,-3.55432,0.238475,0.13502,1.76623,0
20,10,5,10.7722,-0.682392,-0.236355,-2.82039,0.238388,0.135013,1.76567,0
21,10,5,10.6635,-0.66709,-0.185461,-2.12865,0.238223,0.134969,1.76502,0
22,10,5,10.5977,-0.661154,-0.138239,-1.51148,0.238062,0.134917,1.7645,0
23,10,5,10.5717,-0.641842,-0.113736,-1.00036,0.237969,0.134886,1.76423,0
0,11,5,10.0353,0.297796,0.342888,32.5391,0.24051,0.0763977,1.79014,0
1,11,5,10.4517,1.50779,2.0907,32.0991,0.246451,0.042011,1.84288,0
2,11,5,11.352,1.29062,2.40026,30.957,0.246913,0.0409514,1.86658,0
3,11,5,11.3984,0.491674,1.87204,27.9193,0.245222,0.0328446,1.86154,0
4,11,5,12.2084,0.644949,2.05899,23.3013,0.245106,0.0376949,1.85216,0
5,11,5,12.7851,0.89589,1.98105,17.7706,0.242197,0.0577068,1.80114,0
6,11,5,13.3956,1.0003,1.93944,11.9057,0.241927,0.0510876,1.7997,0
7,11,5,14.1323,1.13531,0.801293,2.67141,0.242858,0.0301609,1.8486,0
8,11,5,13.5441,1.25571,0.0597574,-4.46378,0.247227,0.0179691,2.03825,0
9,11,5,13.4343,-0.480381,-0.521202,-7.68369,0.244137,0.0258457,1.9195,0
10,11,5,13.3122,-1.38647,-1.69319,-8.63868,0.24366,0.0497276,1.85649,0
11,11,5,12.6451,-1.47499,-1.10294,-8.95572,0.247633,0.039722,1.84865,0
12,11,5,12.1721,-1.36447,-0.71042,-8.60948,0.246485,0.0650314,1.8189,0
13,11,5,11.7839,-1.01035,-0.288539,-7.38164,0.241044,0.135527,1.77856,0
14,11,5,11.662,-0.89578,-0.261113,-6.77427,0.239504,0.135149,1.77215,0
15,11,5,11.5136,-0.82937,-0.274079,-6.13369,0.239245,0.13516,1.77008,0
16,11,5,11.336,-0.725748,-0.223705,-5.4432,0.239036,0.135146,1.76873,0
17,11,5,11.1902,-0.63719,-0.186751,-4.72712,0.238616,0.135029,1.76715,0
18,11,5,11.0545,-0.690536,-0.252952,-4.03296,0.238943,0.13503,1.76955,0
19,11,5,10.821,-0.735469,-0.324702,-3.3198,0.238819,0.135072,1.76809,0
20,11,5,10.6741,-0.691185,-0.26437,-2.60779,0.23861,0.135048,1.76685,0
21,11,5,10.5522,-0.691965,-0.178519,-1.89742,0.238519,0.135016,1.76659,0
22,11,5,10.5036,-0.715266,-0.0948647,-1.26337,0.238616,0.135008,1.76743,0
23,11,5,10.5192,-0.736089,-0.05718,-0.775828,0.23857,0.134968,1.7676,0
0,12,5,10.022,0.241184,0.408501,30.9925,0.241824,0.0741387,1.79275,0
1,12,5,10.2197,1.22644,2.5081,30.7866,0.242849,0.0672046,1.80525,0
2,12,5,9.23437,0.380646,2.12835,31.3407,0.245601,0.0263788,1.88717,0
3,12,5,7.81137,-1.26484,2.27965,36.5199,0.248487,0.00691298,2.31679,0
4,12,5,11.7284,0.520133,2.47047,24.0062,0.244476,0.00758063,2.08868,0
5,12,5,12.3742,1.33374,1.77691,16.1596,0.242354,0.0203806,1.87416,0
6,12,5,13.8859,1.3593,1.05913,4.74668,0.243614,0.0208369,1.86809,0
7,12,5,14.1678,1.36106,0.971339,2.72138,0.2431,0.0206125,1.87271,0
8,12,5,13.164,1.8506,-0.23772,-5.31214,0.248631,0.0134159,2.16004,0
9,12,5,13.6069,0.0705129,-1.00634,-5.28833,0.2484,0.0307246,1.99456,0
10,12,5,13.0943,-0.947542,-0.751003,-6.20606,0.25096,0.0383325,1.94036,0
11,12,5,12.6104,-1.19635,-0.574855,-6.56474,0.248087,0.0612661,1.86036,0
12,12,5,12.2915,-1.14216,-0.386003,-6.56325,0.243846,0.0850538,1.79411,0
13,12,5,11.97,-0.486485,-0.347078,-4.75184,0.239429,0.135187,1.77109,0
14,12,5,11.7519,-0.768296,-0.22163,-5.69466,0.239859,0.135268,1.77321,0
15,12,5,11.5692,-0.636067,-0.320108,-5.28698,0.239781,0.135323,1.77192,0
16,12,5,11.3875,-0.55443,-0.296252,-4.79402,0.239559,0.135255,1.77117,0
17,12,5,11.1777,-0.596064,-0.300612,-4.26409,0.239182,0.135202,1.76907,0
18,12,5,11.0087,-0.518452,-0.290651,-3.70164,0.239422,0.135243,1.77031,0
19,12,5,10.7393,-0.646807,-0.254771,-3.0606,0.239687,0.135365,1.77068,0
20,12,5,10.5583,-0.61676,-0.17998,-2.35252,0.239606,0.135335,1.77047,0
21,12,5,10.4054,-0.65624,-0.0612363,-1.59643,0.239941,0.135342,1.77285,0
22,12,5,10.5758,-0.566437,0.191716,-0.0714039,0.240174,0.134516,1.78547,0
23,12,5,10.4416,-0.881776,0.208472,-0.390042,0.239734,0.134971,1.77619,0
0,13,5,9.9925,0.207564,0.428175,29.5393,0.243397,0.0742221,1.79372,0
1,13,5,9.79966,1.36923,2.8165,29.5614,0.243195,0.0782444,1.79833,0
2,13,5,9.06736,0.724113,2.30126,31.1964,0.248019,0.0182596,1.97375,0
3,13,5,4.08616,0.189303,5.24733,40.4102,0.251761,0.00287093,3.07153,0
4,13,5,13.1803,1.02001,0.748987,12.8291,0.241889,0.0146929,2.02879,0
5,13,5,12.3661,1.13816,0.206068,7.91966,0.240563,0.0284449,2.01153,0
6,13,5,12.7956,1.11234,0.432419,3.39146,0.242126,0.0291377,2.33333,0
7,13,5,0.15651,-0.029432,-1.676,-15.3783,0.256539,0.00420451,4.43598,0
8,13,5,8.14414,2.72323,-2.23016,-5.86387,0.258911,0.00621714,3.51858,0
9,13,5,9.62774,-0.919134,-2.11452,-3.64867,0.25876,0.0088077,2.80398,0
10,13,5,12.0017,-1.04847,-0.956253,-2.70454,0.25057,0.047095,1.92351,0
11,13,5,12.1354,-1.01704,-0.632151,-3.07377,0.24757,0.0664482,1.81391,0
12,13,5,12.1267,-0.93811,-0.519372,-3.50191,0.245289,0.0905495,1.79919,0
13,13,5,11.9299,-0.599087,-0.348686,-4.1426,0.240533,0.135439,1.77595,0
14,13,5,11.7669,-0.510902,-0.413742,-4.23272,0.239244,0.135038,1.77169,0
15,13,5,11.5505,-0.486545,-0.481501,-4.13428,0.23899,0.135052,1.76961,0
16,13,5,11.3778,-0.401219,-0.449648,-3.90226,0.239005,0.135084,1.76931,0
17,13,5,11.1446,-0.310689,-0.407145,-3.77584,0.239343,0.135263,1.76946,0
18,13,5,10.8984,-0.320459,-0.423125,-3.18792,0.240113,0.126184,1.77263,0
19,13,5,10.5243,-0.273632,-0.247096,-2.61599,0.241348,0.104747,1.77636,0
20,13,5,10.2881,-0.277631,-0.101361,-1.85503,0.242341,0.0865321,1.78394,0
21,13,5,10.2717,-0.362552,0.226719,-0.244721,0.242063,0.0899262,1.79129,0
22,13,5,9.94927,-0.815907,0.480467,-0.308512,0.241721,0.0813238,1.79909,0
23,13,5,11.3337,-0.73186,-0.120522,0.982187,0.245,0.0123939,4.4267,0
0,14,5,9.9997,0.200359,0.454448,25.4857,0.241683,0.0695804,1.79676,0
1,14,5,10.76,1.72308,2.8582,24.9607,0.242979,0.0643537,1.81029,0
2,14,5,10.7194,1.46701,2.12465,25.6629,0.24161,0.0909644,1.79825,0
3,14,5,10.614,1.90187,2.60488,25.1011,0.244236,0.0204038,1.93945,0
4,14,5,13.3214,1.38364,1.07408,11.1256,0.244149,0.0107361,2.01719,0
5,14,5,12.858,0.505865,0.555324,4.21586,0.239924,0.0882546,1.79082,0
6,14,5,13.0794,0.62434,0.318679,0.910857,0.240601,0.0606916,1.80618,0
7,14,5,13.8565,-0.0535286,-0.223214,-2.89936,0.242845,0.0185652,1.87041,0
8,14,5,11.8768,-1.85732,-1.50268,-6.34835,0.245624,0.010424,2.16704,0
9,14,5,11.8846,-1.06602,-0.751528,-1.6252,0.242927,0.0667982,1.8319,0
10,14,5,12.1067,-0.79749,-0.342875,-1.82554,0.243413,0.0719089,1.79877,0
11,14,5,12.2401,-0.736115,-0.133531,-2.31856,0.243679,0.0874282,1.7945,0
12,14,5,12.2645,-0.601534,-0.10668,-2.98075,0.242341,0.108393,1.78557,0
13,14,5,12.0783,-0.312103,-0.249246,-4.0835,0.240408,0.129355,1.77674,0
14,14,5,11.8946,-0.214057,-0.378199,-4.36173,0.240359,0.125493,1.77703,0
15,14,5,11.6462,-0.202583,-0.434139,-4.35984,0.240374,0.129989,1.77664,0
16,14,5,11.386,-0.218894,-0.447748,-4.14506,0.24022,0.131823,1.77531,0
17,14,5,11.089,-0.133743,-0.368058,-3.84399,0.240268,0.132598,1.77428,0
18,14,5,10.8905,-0.0909079,-0.341666,-3.41848,0.240098,0.135426,1.77291,0
19,14,5,10.6479,-0.0599578,-0.258339,-2.79214,0.2408,0.115344,1.77508,0
20,14,5,10.3988,-0.0245209,-0.0986108,-1.97639,0.241972,0.0849039,1.78393,0
21,14,5,9.7935,0.0145591,0.428253,0.419791,0.244968,0.0344555,1.84408,0
22,14,5,9.19959,0.321571,1.86043,2.89223,0.25251,0.0144387,2.20956,0
23,14,5,12.2451,0.116743,0.642258,1.46211,0.245565,0.00968828,5.36547,0
0,15,5,10.0437,0.14423,0.528441,23.6125,0.241613,0.0566853,1.81348,0
1,15,5,11.1272,1.39976,2.72882,22.5952,0.251206,0.0309072,1.91221,0
2,15,5,11.0644,1.10392,1.53177,22.1207,0.241625,0.075886,1.7978,0
3,15,5,12.1526,1.95034,1.55895,19.7743,0.247572,0.0188614,1.97169,0
4,15,5,13.0823,0.727757,0.916143,12.5533,0.244215,0.0319843,1.89081,0
5,15,5,12.9903,0.179555,0.318163,7.11146,0.241772,0.0640021,1.82015,0
6,15,5,13.0068,0.0514298,-0.0453757,3.53884,0.24106,0.0670493,1.79887,0
7,15,5,13.0825,-0.416386,-0.314968,0.452561,0.242312,0.0347052,1.82866,0
8,15,5,12.1321,-0.559247,-0.568862,-0.934327,0.241803,0.0544089,1.81723,0
9,15,5,12.0354,-0.650673,-0.269243,-0.337541,0.243086,0.0672935,1.79601,0
10,15,5,11.9771,-0.59774,0.114075,-0.7994,0.243235,0.0808197,1.79632,0
11,15,5,12.0896,-0.520093,0.308911,-1.4871,0.243727,0.0817722,1.79621,0
12,15,5,12.1948,-0.409219,0.166793,-2.41786,0.241165,0.135312,1.78229,0
13,15,5,12.0456,-0.18343,-0.267681,-3.99152,0.239427,0.135058,1.77277,0
14,15,5,11.8468,-0.0968575,-0.452021,-4.4509,0.241434,0.0885944,1.78187,0
15,15,5,11.5799,-0.0350237,-0.483168,-4.5514,0.241275,0.113864,1.78045,0
16,15,5,11.3599,0.0330716,-0.430716,-4.43389,0.240505,0.135336,1.77709,0
17,15,5,11.1928,0.0717306,-0.409887,-4.15454,0.239899,0.135231,1.774,0
18,15,5,10.9911,0.138255,-0.36138,-3.73218,0.240026,0.135288,1.77418,0
19,15,5,10.7518,0.208128,-0.2789,-3.11826,0.240525,0.118873,1.77609,0
20,15,5,10.4996,0.281806,-0.145805,-2.32686,0.240731,0.107641,1.77891,0
21,15,5,10.2754,0.391385,0.0697995,-1.41564,0.241841,0.0804323,1.78979,0
22,15,5,10.0655,0.622365,0.366479,-0.490202,0.242181,0.0679642,1.80387,0
23,15,5,10.7223,0.717334,0.700677,0.678005,0.244874,0.0459004,1.87583,0
0,16,5,10.1415,0.0840913,0.832732,22.7274,0.243588,0.0363085,1.88329,0
1,16,5,11.4881,0.81959,3.07088,20.9371,0.247337,0.0341423,1.91349,0
2,16,5,12.3812,1.10261,1.96534,18.0611,0.247785,0.0409447,1.89142,0
3,16,5,11.8178,1.09797,1.26327,16.8237,0.24534,0.0423883,1.85503,0
4,16,5,11.9778,0.714086,0.82756,11.9485,0.241687,0.0887199,1.79847,0
5,16,5,12.2198,0.572936,0.523003,8.28255,0.240001,0.134722,1.78145,0
6,16,5,12.6444,0.274157,0.076379,4.69012,0.240865,0.0786598,1.79201,0
7,16,5,12.629,0.0430272,-0.145718,2.27393,0.240106,0.0870266,1.78622,0
8,16,5,12.2179,-0.262425,-0.400213,1.28446,0.242966,0.063306,1.79837,0
9,16,5,11.8002,-0.39762,0.00285249,0.620463,0.243161,0.0750985,1.79913,0
10,16,5,11.7962,-0.421185,0.471011,0.077022,0.243385,0.0707415,1.80387,0
11,16,5,11.9849,-0.371129,0.617631,-0.7786,0.241584,0.10656,1.79316,0
12,16,5,12.1546,-0.298817,0.251137,-1.94759,0.240961,0.101499,1.78691,0
13,16,5,11.9787,-0.226079,-0.430488,-3.82763,0.240007,0.121626,1.77935,0
14,16,5,11.7641,-0.207827,-0.629136,-4.31833,0.240091,0.112928,1.7798,0
15,16,5,11.5184,-0.167218,-0.628471,-4.48945,0.239762,0.134962,1.77652,0
16,16,5,11.3571,-0.0658343,-0.593589,-4.51074,0.239497,0.135017,1.77382,0
17,16,5,11.2064,0.0812377,-0.559199,-4.38786,0.2394,0.135066,1.77246,0
18,16,5,11.0237,0.258014,-0.541168,-4.08989,0.239571,0.135083,1.77351,0
19,16,5,10.7852,0.3918,-0.454278,-3.55739,0.239835,0.112612,1.77719,0
20,16,5,10.535,0.435681,-0.290974,-2.8031,0.24182,0.0782307,1.7893,0
21,16,5,10.325,0.500158,-0.140041,-1.92755,0.241513,0.0997262,1.78741,0
22,16,5,10.2707,0.590552,0.0181179,-1.12442,0.241915,0.089509,1.79,0
23,16,5,10.3661,0.663471,0.14695,-0.530531,0.241245,0.102522,1.78775,0
0,17,5,10.1779,0.060307,1.02998,22.4607,0.244413,0.0296128,1.94859,0
1,17,5,11.7795,0.419588,3.37557,20.0363,0.246338,0.0338784,1.94788,0
2,17,5,12.5218,0.65592,1.75334,16.8002,0.247746,0.0362952,1.92716,0
3,17,5,12.8736,0.724214,0.723978,13.2459,0.244368,0.0675155,1.85855,0
4,17,5,12.9165,0.526662,0.193155,10.0473,0.242613,0.0809356,1.82297,0
5,17,5,12.9396,0.282745,-0.211827,7.27964,0.241153,0.102943,1.80155,0
6,17,5,12.782,0.237342,-0.515464,4.85065,0.240304,0.124062,1.78918,0
7,17,5,12.5071,0.169951,-0.581041,2.98209,0.240444,0.100031,1.78697,0
8,17,5,12.065,0.0421406,-0.354364,1.7055,0.242482,0.0658841,1.7997,0
9,17,5,11.6993,-0.0724343,0.131488,1.15067,0.243267,0.0675651,1.80564,0
10,17,5,11.757,-0.113215,0.665807,0.636372,0.24467,0.0553545,1.82237,0
11,17,5,11.9971,-0.117272,0.83033,-0.304197,0.242175,0.0939949,1.80453,0
12,17,5,12.1977,-0.127741,0.28733,-1.61996,0.24193,0.0789619,1.79869,0
13,17,5,11.9377,-0.217956,-0.532044,-3.49745,0.240174,0.111622,1.78335,0
14,17,5,11.7389,-0.118628,-0.33465,-4.20113,0.240905,0.0501338,1.79761,0
15,17,5,11.4232,-0.5731,-0.176243,-3.88051,0.242166,0.0482805,1.81276,0
16,17,5,11.52,-0.87944,-0.506891,-4.70419,0.242478,0.0206756,1.92171,0
17,17,5,11.3183,-0.0472299,-0.634452,-4.86216,0.241085,0.0716512,1.79134,0
18,17,5,11.1874,0.214604,-0.687729,-4.7223,0.240986,0.0710146,1.78989,0
19,17,5,10.7921,0.41906,-0.772542,-4.10224,0.24259,0.0397322,1.8202,0
20,17,5,10.2362,0.682515,-0.854355,-3.37871,0.241538,0.0790056,1.80649,0
21,17,5,10.215,0.489553,-0.483998,-2.42469,0.242595,0.0683096,1.80215,0
22,17,5,10.2023,0.486845,-0.303156,-1.58895,0.241964,0.100843,1.7923,0
23,17,5,10.2687,0.468176,-0.172182,-0.94105,0.241447,0.115526,1.78531,0
0,18,5,10.2031,0.0929534,1.19914,22.4925,0.245767,0.0253675,2.01038,0
1,18,5,11.9713,0.434726,3.80827,19.5823,0.247323,0.0294628,1.99635,0
2,18,5,12.6677,0.521273,1.80861,16.0129,0.250763,0.0286726,1.99979,0
3,18,5,12.8511,0.507777,0.469547,12.3426,0.253087,0.0324856,1.97774,0
4,18,5,12.6909,0.211045,0.0989298,9.53671,0.251492,0.0421031,1.92062,0
5,18,5,12.8073,0.0248644,-0.333326,7.2193,0.24231,0.0968508,1.80612,0
6,18,5,12.7795,0.228266,-0.695169,4.78598,0.239979,0.134406,1.78547,0
7,18,5,12.4513,0.360856,-0.686785,2.94579,0.240175,0.0953094,1.78514,0
8,18,5,11.9726,0.283243,-0.35321,1.7685,0.243128,0.0587658,1.80605,0
9,18,5,11.6362,0.254717,0.16252,1.2702,0.24427,0.0579436,1.82054,0
10,18,5,11.7067,0.231186,0.746265,0.780782,0.246242,0.0469337,1.84497,0
11,18,5,11.9411,0.174078,0.913216,-0.11525,0.242659,0.0974443,1.81427,0
12,18,5,12.1431,0.0525207,0.326818,-1.4082,0.242422,0.0761473,1.80778,0
13,18,5,11.7428,-0.185305,-0.395351,-3.07255,0.240725,0.0978446,1.78886,0
14,18,5,11.556,-0.214936,-0.159629,-3.45179,0.241319,0.052138,1.8001,0
15,18,5,11.2803,-0.615822,0.4129,-3.07335,0.242715,0.0353565,1.84443,0
16,18,5,11.6411,-1.0894,-0.13911,-4.17687,0.242125,0.0187532,2.12304,0
17,18,5,11.5916,-0.354956,-0.576765,-5.10809,0.240573,0.0741251,1.79664,0
18,18,5,11.6015,-0.0531935,-0.723222,-5.68915,0.240381,0.068713,1.79275,0
19,18,5,11.3923,0.444307,-1.53807,-6.09281,0.242573,0.0259919,1.87067,0
20,18,5,10.3892,0.408074,-1.03168,-3.85544,0.245533,0.0374836,1.8927,0
21,18,5,9.8521,0.449671,-0.709836,-2.84865,0.243684,0.055974,1.82331,0
22,18,5,10.0382,0.381222,-0.423805,-1.95754,0.242343,0.0916637,1.79873,0
23,18,5,10.142,0.339092,-0.286329,-1.24071,0.241296,0.133442,1.78491,0
0,19,5,10.2185,0.164823,1.23139,21.9938,0.245849,0.0244671,2.02721,0
1,19,5,11.9687,0.716219,3.98869,19.0063,0.246287,0.0313095,1.99244,0
2,19,5,12.5622,0.603101,1.92847,15.5287,0.251915,0.0256251,2.03421,0
3,19,5,12.589,0.344215,0.589633,12.1109,0.255682,0.0288882,2.02299,0
4,19,5,12.5004,-0.114764,0.185164,9.8914,0.248249,0.0639843,1.89996,0
5,19,5,12.9702,-0.167676,-0.249687,7.643,0.239692,0.134398,1.78345,0
6,19,5,11.9149,-0.150103,0.651963,5.68867,0.239829,0.120155,1.78224,0
7,19,5,12.0653,0.398768,-0.403572,2.42147,0.242341,0.0471235,1.82105,0
8,19,5,11.5893,0.546837,-0.234854,1.08657,0.240284,0.113675,1.7863,0
9,19,5,11.4206,0.5024,-0.16166,0.788927,0.241007,0.0585102,1.79639,0
10,19,5,11.5948,0.677059,0.252057,0.456043,0.243066,0.0476039,1.82949,0
11,19,5,11.8244,0.407528,0.496596,-0.249595,0.241661,0.0827056,1.81173,0
12,19,5,12.0002,0.219707,0.0702126,-1.31263,0.241185,0.0911461,1.7999,0
13,19,5,11.6067,-0.0248201,-0.460962,-2.70061,0.240344,0.103768,1.78504,0
14,19,5,11.2083,-0.116899,-0.140916,-2.52171,0.242337,0.0549715,1.81276,0
15,19,5,11.2412,-0.0959475,0.317608,-2.48147,0.24172,0.0584284,1.80977,0
16,19,5,11.7166,-0.186632,0.194839,-3.34745,0.241564,0.0533697,1.81507,0
17,19,5,11.7451,-0.0733753,-0.480736,-4.80998,0.240869,0.0698598,1.79699,0
18,19,5,11.7618,0.00145036,-0.82629,-6.41552,0.240583,0.0479762,1.80564,0
19,19,5,11.6643,0.0892708,-2.25297,-7.39789,0.241909,0.0236455,1.89423,0
20,19,5,9.88524,0.0575967,-1.91506,-4.66529,0.243027,0.0548576,1.87972,0
21,19,5,10.0123,0.198694,-0.76732,-3.2706,0.245694,0.045897,1.84695,0
22,19,5,10.1229,0.16274,-0.466624,-2.26107,0.243428,0.098686,1.81322,0
23,19,5,10.1973,0.16437,-0.310774,-1.48154,0.241157,0.134816,1.78878,0
0,20,5,10.1433,0.334374,1.0812,21.0145,0.245498,0.0239818,2.00579,0
1,20,5,11.7795,1.2225,3.50518,17.992,0.2464,0.031687,1.98136,0
2,20,5,12.1553,0.896019,1.84446,15.0773,0.251567,0.0277865,2.01318,0
3,20,5,12.1196,0.425384,0.71942,12.3166,0.252903,0.0340443,1.96113,0
4,20,5,12.0604,0.0322846,0.730835,10.762,0.250292,0.0427003,1.91347,0
5,20,5,11.7967,-0.259727,0.813911,8.85331,0.247126,0.0269397,1.89939,0
6,20,5,12.7152,-0.174632,0.0482461,5.46157,0.245442,0.0299024,1.91734,0
7,20,5,12.3536,0.288938,-0.66288,1.95785,0.240407,0.0793781,1.80019,0
8,20,5,12.0086,0.463886,-0.697135,0.328055,0.240523,0.0644817,1.79354,0
9,20,5,11.8376,0.371862,-0.651257,0.140581,0.240658,0.0598739,1.79484,0
10,20,5,11.4895,0.471555,-0.0531409,0.134868,0.242059,0.0516452,1.80956,0
11,20,5,11.505,0.511519,0.187313,-0.446278,0.242319,0.069689,1.81888,0
12,20,5,11.7563,0.284798,0.00555993,-1.17848,0.240423,0.133959,1.79476,0
13,20,5,11.5619,0.0941044,-0.412547,-2.40501,0.239451,0.127231,1.77613,0
14,20,5,11.2395,0.160947,-0.273443,-2.3536,0.242614,0.0583637,1.80361,0
15,20,5,11.0379,0.308969,0.704162,-1.95183,0.244921,0.0421896,1.86058,0
16,20,5,11.6344,0.120724,0.271375,-2.82038,0.242543,0.0367165,1.83382,0
17,20,5,12.195,-0.184256,-0.406892,-4.47629,0.244794,0.0316163,1.97041,0
18,20,5,11.9159,0.0715735,-1.04571,-6.56177,0.241713,0.0435774,1.84764,0
19,20,5,11.4762,-0.00985648,-2.2563,-7.32579,0.242454,0.0248526,1.88881,0
20,20,5,10.0261,-0.273005,-1.7769,-4.58847,0.243312,0.059262,1.86621,0
21,20,5,10.1139,-0.101851,-0.900177,-3.38228,0.24598,0.0487729,1.83698,0
22,20,5,10.1532,-0.0247307,-0.607125,-2.4056,0.243468,0.105668,1.80662,0
23,20,5,10.1945,0.00698453,-0.442782,-1.6162,0.241167,0.135057,1.78567,0
0,21,5,10.0991,0.461276,0.67634,18.4864,0.243425,0.0327829,1.90423,0
1,21,5,11.2277,1.48445,2.3359,16.4606,0.24642,0.035657,1.92649,0
2,21,5,11.4798,1.1187,1.51996,14.5158,0.247425,0.0423469,1.9098,0
3,21,5,11.4787,0.629769,1.01636,12.7016,0.245005,0.0725053,1.84196,0
4,21,5,11.3395,0.405931,1.46283,11.6048,0.247515,0.0490569,1.8563,0
5,21,5,11.0912,-0.0445509,1.99607,11.1464,0.250116,0.0168494,2.03674,0
6,21,5,11.9978,0.59546,2.18024,8.25546,0.244399,0.0149522,2.44554,0
7,21,5,12.5785,-0.201071,-0.530176,1.38687,0.240235,0.0621184,1.79485,0
8,21,5,12.3983,-0.17582,-0.569265,-0.615324,0.240358,0.0641192,1.79538,0
9,21,5,12.0013,0.149276,-0.910548,-0.0774392,0.239473,0.134373,1.78215,0
10,21,5,11.4005,0.343398,-0.616176,-0.533303,0.242328,0.0466057,1.83163,0
11,21,5,11.2991,0.249797,0.0879194,-0.636553,0.242079,0.0730767,1.81368,0
12,21,5,11.6737,0.169651,0.165842,-1.08247,0.240207,0.134155,1.79052,0
13,21,5,11.6521,0.0927474,-0.149166,-2.2239,0.239749,0.129653,1.77503,0
14,21,5,11.4646,0.150306,-0.274678,-2.38855,0.241457,0.0818621,1.7855,0
15,21,5,11.2968,0.351969,0.0952047,-2.30443,0.243179,0.0585768,1.80991,0
16,21,5,11.4819,0.302736,0.0589675,-2.70221,0.24227,0.0918772,1.79667,0
17,21,5,12.149,0.281347,0.370901,-3.56827,0.246268,0.0244602,1.98934,0
18,21,5,11.6838,-0.111268,-0.755019,-4.5955,0.242531,0.0698411,1.79728,0
19,21,5,10.854,-0.743438,-1.78409,-5.05994,0.243426,0.0608604,1.84768,0
20,21,5,10.5257,-0.408791,-1.17476,-4.24239,0.248574,0.0419745,1.87204,0
21,21,5,10.3193,-0.255798,-0.814476,-3.25496,0.245046,0.080645,1.82125,0
22,21,5,10.2545,-0.154263,-0.573265,-2.3704,0.24251,0.132092,1.79498,0
23,21,5,10.2507,-0.102515,-0.438882,-1.61088,0.240304,0.135103,1.77868,0
0,22,5,10.0734,0.35276,0.356601,15.8154,0.240586,0.0618725,1.8085,0
1,22,5,10.6623,1.25173,1.34604,14.9855,0.245455,0.0440667,1.85247,0
2,22,5,11.0038,0.987863,1.12228,13.7496,0.244006,0.0762109,1.8279,0
3,22,5,11.0554,0.756011,0.984491,12.5197,0.242295,0.11782,1.79981,0
4,22,5,11.0726,0.672579,1.42902,11.6344,0.244033,0.0677869,1.81083,0
5,22,5,10.7347,0.668158,2.01819,11.756,0.248822,0.017139,2.01532,0
6,22,5,12.8568,0.18976,-0.162989,3.70113,0.242717,0.0412946,1.9608,0
7,22,5,12.4487,0.121785,-0.36423,2.16824,0.240879,0.0637222,1.80497,0
8,22,5,12.2619,-0.360197,-0.517805,-0.653548,0.242011,0.0222933,1.84269,0
9,22,5,11.9319,-0.0912676,-0.691292,0.470306,0.240603,0.0578079,1.797,0
10,22,5,11.2934,0.0552023,-0.531643,-0.427972,0.241935,0.0615159,1.81403,0
11,22,5,11.4061,-0.0414165,-0.116965,-0.584792,0.24292,0.0691783,1.81349,0
12,22,5,11.7323,0.0134492,-0.0735029,-1.67007,0.238955,0.134764,1.77314,0
13,22,5,11.6943,-0.00764697,-0.24071,-2.18978,0.239171,0.134962,1.77214,0
14,22,5,11.5743,0.0288776,-0.352705,-2.52007,0.2395,0.135097,1.7728,0
15,22,5,11.5163,0.22114,-0.242343,-2.72742,0.241243,0.0940759,1.7801,0
16,22,5,11.639,0.304832,-0.189438,-3.0773,0.240723,0.125386,1.77944,0
17,22,5,11.7491,-0.0960257,-0.614832,-3.7433,0.240996,0.101447,1.7822,0
18,22,5,11.5681,-0.485495,-0.94908,-4.28949,0.240831,0.100108,1.78341,0
19,22,5,11.1593,-0.520401,-0.94453,-4.30471,0.245714,0.051735,1.81657,0
20,22,5,10.7603,-0.45513,-0.842574,-3.77327,0.244476,0.0784455,1.80655,0
21,22,5,10.5302,-0.314383,-0.651094,-3.04247,0.242851,0.111506,1.79134,0
22,22,5,10.4239,-0.208409,-0.517712,-2.29378,0.240944,0.135433,1.77907,0
23,22,5,10.3613,-0.153562,-0.409386,-1.57731,0.239463,0.135218,1.77094,0
0,23,5,10.0382,0.19432,0.18617,14.3444,0.239287,0.117986,1.77917,0
1,23,5,10.4198,0.873994,0.909661,13.8998,0.242234,0.0683796,1.79939,0
2,23,5,10.7621,0.731797,0.801073,13.0584,0.24264,0.0884706,1.79573,0
3,23,5,10.964,0.643513,0.794756,12.0685,0.241443,0.12842,1.78537,0
4,23,5,11.249,0.721043,0.944991,11.0539,0.242508,0.0912571,1.78906,0
5,23,5,11.3655,0.561136,0.748197,8.82415,0.242485,0.0425686,1.81798,0
6,23,5,11.9386,0.645972,0.822929,7.50754,0.243956,0.0545606,1.85624,0
7,23,5,12.0063,-0.00204608,0.0876763,4.21905,0.239863,0.134376,1.78502,0
8,23,5,11.6864,-0.120829,-0.173548,2.30592,0.239624,0.13185,1.7762,0
9,23,5,11.5092,-0.452975,-0.437653,0.409567,0.240859,0.0596188,1.7999,0
10,23,5,11.5809,-0.41807,-0.648289,-0.0687559,0.240304,0.118506,1.79008,0
11,23,5,11.552,-0.0793833,-0.230712,-0.456868,0.239534,0.134614,1.77941,0
12,23,5,11.6704,0.00791125,-0.176878,-1.58604,0.238202,0.134776,1.76739,0
13,23,5,11.6609,0.00684987,-0.243708,-2.15452,0.238577,0.134831,1.76945,0
14,23,5,11.6102,0.00398829,-0.326986,-2.58807,0.238427,0.134856,1.76802,0
15,23,5,11.534,0.0713117,-0.322273,-2.9113,0.238383,0.134885,1.76731,0
16,23,5,11.5386,0.0819251,-0.330766,-3.25062,0.238887,0.134996,1.76959,0
17,23,5,11.5465,-0.0939499,-0.454819,-3.62284,0.239898,0.121847,1.77378,0
18,23,5,11.3891,-0.271341,-0.556385,-3.86347,0.241889,0.0899324,1.78215,0
19,23,5,11.126,-0.367576,-0.6137,-3.81249,0.242311,0.0979911,1.78362,0
20,23,5,10.8458,-0.339629,-0.573852,-3.43636,0.241719,0.115265,1.78033,0
21,23,5,10.6331,-0.256236,-0.479028,-2.87913,0.240576,0.135532,1.77505,0
22,23,5,10.527,-0.188616,-0.387478,-2.23786,0.239492,0.135297,1.77012,0
23,23,5,10.4295,-0.138577,-0.313144,-1.55798,0.238667,0.135111,1.76645,0
0,0,6,10.0629,0.0394888,0.0178288,143.922,0.238323,0.134644,1.77002,0
1,0,6,9.71645,0.455224,0.119695,143.852,0.247908,0.028529,1.91303,0
2,0,6,10.5206,-0.437015,0.0841137,143.351,0.249118,0.0156377,2.12901,0
3,0,6,17.3043,-1.9964,0.0902034,132.904,0.253218,0.00375564,2.94101,0
4,0,6,26.9522,0.894829,0.0937909,35.6718,0.242357,0.00423556,2.15442,0
5,0,6,26.3378,1.09059,0.0954001,-100.718,0.245023,0.0121352,2.10509,0
6,0,6,23.9573,-0.197594,0.153802,-119.054,0.241395,0.0138739,1.8728,0
7,0,6,23.2072,0.187373,0.150835,-113.137,0.24215,0.00714135,1.96853,0
8,0,6,11.5727,-0.727877,0.163186,-45.4566,0.243096,0.0218043,2.16753,0
9,0,6,8.0804,-0.627775,0.22065,-31.5758,0.240903,0.126433,1.90538,0
10,0,6,14.2876,0.449824,0.299633,-14.3388,0.254322,0.0304493,2.11418,0
11,0,6,13.3133,0.893548,1.02139,-10.8662,0.246442,0.020196,1.90344,0
12,0,6,12.1634,0.561481,1.11496,-2.78043,0.24511,0.0351485,1.85395,0
13,0,6,11.2031,0.450925,0.430335,-1.13609,0.244684,0.052023,1.8146,0
14,0,6,10.5013,0.266268,0.340113,-0.544588,0.249023,0.0436837,1.82655,0
15,0,6,9.87557,0.0333049,0.00822684,0.773663,0.241635,0.131065,1.78484,0
16,0,6,10.1704,0.0346549,-0.167035,1.08265,0.240603,0.135182,1.77984,0
17,0,6,10.0736,-0.0129753,-0.251129,0.862592,0.239672,0.13498,1.77561,0
18,0,6,10.2691,-0.0679379,-0.797372,-0.627067,0.242211,0.0528094,1.80582,0
19,0,6,9.8825,-0.174105,-1.28444,-0.6079,0.245758,0.0255656,1.89244,0
20,0,6,9.62294,-0.123296,-0.706403,0.685011,0.241652,0.106148,1.7993,0
21,0,6,9.73083,-0.102852,-0.407994,0.870437,0.241996,0.103819,1.7903,0
22,0,6,9.83144,-0.0879651,-0.30506,0.889225,0.240645,0.135273,1.77896,0
23,0,6,9.90663,-0.0775598,-0.220006,0.785606,0.239605,0.135205,1.77216,0
0,1,6,10.1311,0.113024,0.0183811,142.852,0.238332,0.134565,1.77113,0
1,1,6,7.71798,2.33503,0.177034,143.737,0.260041,0.0141929,2.4795,0
2,1,6,7.25201,-0.928821,0.116318,146.701,0.264056,0.0105857,2.77951,0
3,1,6,5.43087,-3.94103,0.101448,151.798,0.260081,0.00336284,3.29875,0
4,1,6,17.8373,-14.8622,0.099512,74.9344,0.289034,0.00030396,64.0945,0
5,1,6,,,,,,,,1
6,1,6,24.7988,-2.15516,-0.053212,-134.195,0.320389,0.00301569,63.97,0
7,1,6,12.4169,2.06541,0.154356,-86.3832,0.249718,0.00617218,3.95644,0
8,1,6,6.45061,0.00327141,0.119245,-40.4939,0.260271,0.00754145,3.33161,0
9,1,6,10.5,-0.0386048,0.14118,-26.1402,0.252546,0.0206495,2.16247,0
10,1,6,13.389,-0.268399,0.0714583,-13.8033,0.255131,0.0258178,2.15658,0
11,1,6,11.9719,0.932356,0.431095,-7.23198,0.249228,0.015843,2.04582,0
12,1,6,8.31443,1.79911,0.964286,-4.65406,0.253776,0.0145716,2.20907,0
13,1,6,8.95579,0.763579,0.467683,-0.548939,0.253442,0.0267638,1.9884,0
14,1,6,11.0254,0.306348,0.279107,-0.236566,0.24977,0.0354491,1.86781,0
15,1,6,8.95128,0.129702,0.00336882,1.30483,0.251834,0.0420443,1.85218,0
16,1,6,9.41965,-0.126135,-0.233082,1.1449,0.249841,0.0467237,1.82972,0
17,1,6,9.56236,-0.202488,-0.319149,0.962931,0.248511,0.0529838,1.82311,0
18,1,6,9.83251,-0.482444,-0.913116,-0.192542,0.247081,0.0325224,1.86238,0
19,1,6,9.36774,-0.529935,-0.885727,0.533382,0.242291,0.0975112,1.79908,0
20,1,6,9.45931,-0.340159,-0.5581,0.713232,0.241956,0.111795,1.78885,0
21,1,6,9.54368,-0.279721,-0.388974,0.841937,0.240489,0.135227,1.77841,0
22,1,6,9.64956,-0.245677,-0.273817,0.85767,0.239617,0.135223,1.77201,0
23,1,6,9.76862,-0.224761,-0.195689,0.757782,0.239089,0.135187,1.76858,0
0,2,6,10.0027,0.56368,0.0280183,138.494,0.23953,0.0548235,1.81384,0
1,2,6,6.55823,6.01458,0.212681,140.284,0.26043,0.00948681,2.71649,0
2,2,6,4.2154,1.79191,0.15874,146.389,0.278301,0.0084362,3.50442,0
3,2,6,0.282699,0.803674,0.247711,153.241,0.238497,0.0275751,8.649,0
4,2,6,,,,,,,,1
5,2,6,,,,,,,,1
6,2,6,,,,,,,,1
7,2,6,1.55215,-5.10197,-0.185036,-53.1665,0.336339,0.00126462,26.9128,0
8,2,6,-1.17178,-1.2118,0.102764,-33.2808,0.288976,0.00910193,3.76541,0
9,2,6,-3.87378,-2.58461,0.240756,-25.134,0.289682,0.014616,3.73404,0
10,2,6,1.32981,-2.8105,0.275185,-18.1419,0.351586,0.0211773,4.35944,0
11,2,6,8.60833,2.04322,0.637721,-6.07948,0.26195,0.0254051,2.36376,0
12,2,6,5.4189,0.0274003,0.490113,-3.2889,0.289018,0.0279122,2.45741,0
13,2,6,6.39116,-0.120696,0.271961,-1.43939,0.28552,0.034968,2.25941,0
14,2,6,7.28523,-0.298508,0.0976951,-0.350383,0.281527,0.0417671,2.1077,0
15,2,6,7.97,-0.482599,-0.12901,0.279248,0.268054,0.0550213,1.94166,0
16,2,6,8.3624,-0.513172,-0.361144,0.451961,0.259178,0.0668491,1.87677,0
17,2,6,8.76045,-0.698319,-0.480408,0.4199,0.25238,0.0787739,1.83588,0
18,2,6,8.9638,-0.78067,-0.559785,0.35911,0.246969,0.0980715,1.80781,0
19,2,6,9.06831,-0.75105,-0.501219,0.395524,0.24341,0.129886,1.79022,0
20,2,6,9.1449,-0.649301,-0.386116,0.51997,0.241271,0.135571,1.77966,0
21,2,6,9.26088,-0.548422,-0.286534,0.623907,0.240022,0.135375,1.77302,0
22,2,6,9.39836,-0.48269,-0.210877,0.656615,0.239276,0.135277,1.76879,0
23,2,6,9.54182,-0.442755,-0.157157,0.59956,0.238825,0.135199,1.76647,0
0,3,6,9.97583,1.63816,0.0360208,127.242,0.249083,0.0209732,2.07248,0
1,3,6,6.84417,11.9175,0.271663,130.382,0.250561,0.0189005,2.24881,0
2,3,6,4.09222,6.27306,0.174078,138.379,0.262864,0.00815569,2.89033,0
3,3,6,-1.35683,6.48244,0.229214,148.297,0.26365,0.0134464,3.65845,0
4,3,6,,,,,,,,1
5,3,6,,,,,,,,1
6,3,6,,,,,,,,1
7,3,6,3.60693,2.83038,0.141373,-42.9041,0.257732,0.00111961,52.9742,0
8,3,6,-1.85389,-4.44105,0.134255,-34.0482,0.266111,0.0147789,3.13124,0
9,3,6,6.18583,-5.43924,0.17787,-26.4792,0.256544,0.0190239,2.47736,0
10,3,6,4.69418,-3.36788,0.242823,-20.8503,0.27681,0.015379,2.90199,0
11,3,6,6.72522,-2.12987,0.378412,-15.4332,0.284502,0.0170031,2.89112,0
12,3,6,8.25813,-1.26944,0.322366,-7.15843,0.272818,0.0297569,2.17961,0
13,3,6,8.73935,-1.24052,0.154586,-4.69723,0.273002,0.0370109,2.07585,0
14,3,6,9.24592,-1.21207,0.0581677,-3.06021,0.271403,0.0445529,1.98575,0
15,3,6,9.58134,-1.23432,-0.0227268,-1.84643,0.262936,0.0549311,1.89456,0
16,3,6,9.58332,-1.13644,-0.162015,-1.09333,0.257127,0.0626873,1.85678,0
17,3,6,9.79979,-1.16753,-0.242555,-0.722646,0.251678,0.0741604,1.8279,0
18,3,6,9.86663,-1.18311,-0.317532,-0.411218,0.246844,0.083189,1.80328,0
19,3,6,9.70839,-0.872456,-0.334932,-0.199286,0.246257,0.0807525,1.79934,0
20,3,6,9.7426,-0.773004,-0.28844,-0.0490895,0.244538,0.096615,1.79089,0
21,3,6,9.76038,-0.682966,-0.233556,0.105302,0.242901,0.113301,1.78301,0
22,3,6,9.8105,-0.620745,-0.181567,0.215351,0.241432,0.135343,1.77667,0
23,3,6,9.877,-0.581977,-0.144794,0.252267,0.240153,0.135561,1.77155,0
0,4,6,9.99297,2.46243,0.0601705,104.069,0.257632,0.0145671,2.37175,0
1,4,6,7.95871,9.01196,0.216031,112.654,0.252371,0.00770541,2.39239,0
2,4,6,7.68067,11.6648,0.250146,115.963,0.247243,0.0168656,2.19835,0
3,4,6,3.27352,10.346,0.206334,128.344,0.248865,0.00335189,2.69879,0
4,4,6,,,,,,,,1
5,4,6,,,,,,,,1
6,4,6,,,,,,,,1
7,4,6,0.597964,-2.51902,-0.527821,-70.0462,0.275712,0.00175209,6.77273,0
8,4,6,5.79433,-6.29081,0.058921,-44.9092,0.2505,0.00916391,2.43661,0
9,4,6,10.6066,-3.73721,0.0168285,-29.2857,0.244556,0.0259029,1.98917,0
10,4,6,8.08203,-2.81088,-0.132219,-23.2101,0.26277,0.0162167,2.47675,0
11,4,6,9.36756,-1.69483,0.0281656,-18.3047,0.265692,0.0244177,2.24782,0
12,4,6,10.1206,-1.02901,0.267965,-10.7679,0.251959,0.0510638,1.84887,0
13,4,6,10.3762,-1.14896,0.200118,-8.0325,0.252141,0.0608789,1.83262,0
14,4,6,10.5745,-1.02744,0.125243,-5.97004,0.249359,0.0734023,1.81445,0
15,4,6,10.6835,-0.950326,0.0651829,-4.34467,0.24595,0.0879223,1.79674,0
16,4,6,10.5782,-1.01765,-0.0378425,-3.12787,0.244119,0.0984977,1.78883,0
17,4,6,10.6467,-1.01341,-0.117788,-2.3438,0.242763,0.105153,1.78323,0
18,4,6,10.6,-0.991319,-0.181502,-1.67634,0.242591,0.0956088,1.78261,0
19,4,6,10.3361,-0.8324,-0.22286,-1.18169,0.242049,0.111499,1.77971,0
20,4,6,10.339,-0.765055,-0.212643,-0.892215,0.241059,0.133156,1.77547,0
21,4,6,10.2824,-0.697319,-0.183512,-0.620299,0.240282,0.135577,1.7723,0
22,4,6,10.2598,-0.655127,-0.151361,-0.386761,0.239511,0.135361,1.76943,0
23,4,6,10.2489,-0.617178,-0.129433,-0.21746,0.238832,0.135181,1.76676,0
0,5,6,10.0636,2.35691,0.0889661,79.1672,0.258036,0.0154905,2.35137,0
1,5,6,11.326,13.0945,0.592865,76.9478,0.247446,0.0457661,2.05878,0
2,5,6,10.301,9.30507,0.356547,79.4858,0.245799,0.0133335,2.06165,0
3,5,6,15.6783,10.9942,0.444447,63.4604,0.242318,0.0230309,2.04319,0
4,5,6,19.7128,1.48296,0.417299,-4.11932,0.244564,0.00450609,5.33385,0
5,5,6,17.7081,-0.75054,0.652926,-16.6415,0.245538,0.0185714,2.0383,0
6,5,6,18.3837,-0.858455,0.276064,-26.5652,0.242459,0.00812004,1.95413,0
7,5,6,18.5629,-1.6352,0.23038,-31.6478,0.243477,0.00817328,2.01406,0
8,5,6,11.8436,-5.33594,-0.00377051,-37.6555,0.245948,0.00865453,2.14589,0
9,5,6,10.5692,-5.15821,-0.445278,-27.9532,0.244179,0.03723,1.99918,0
10,5,6,10.9173,-2.65546,-0.402502,-22.6408,0.25556,0.0195755,2.1517,0
11,5,6,10.8273,-1.67135,-0.304615,-18.5966,0.251062,0.0392477,1.97583,0
12,5,6,10.8858,-0.805345,0.013804,-12.4566,0.240722,0.134721,1.78093,0
13,5,6,10.983,-0.914031,0.0711953,-9.98575,0.239918,0.135216,1.77434,0
14,5,6,10.9665,-0.717418,0.0470139,-7.82634,0.239455,0.135215,1.77092,0
15,5,6,11.0082,-0.61853,0.0301665,-6.10737,0.238564,0.135013,1.76697,0
16,5,6,10.9906,-0.813302,-0.0519608,-4.73905,0.23804,0.134886,1.76475,0
17,5,6,10.9565,-0.767466,-0.108192,-3.70377,0.237891,0.134859,1.764,0
18,5,6,10.8786,-0.72628,-0.1473,-2.82394,0.238415,0.134976,1.76635,0
19,5,6,10.6335,-0.684814,-0.181562,-2.16321,0.238413,0.135008,1.76592,0
20,5,6,10.6042,-0.641353,-0.186858,-1.72424,0.237952,0.134894,1.764,0
21,5,6,10.5234,-0.604465,-0.1696,-1.32399,0.237862,0.134878,1.76353,0
22,5,6,10.4613,-0.587237,-0.144682,-0.971632,0.237774,0.134848,1.76327,0
23,5,6,10.4071,-0.564057,-0.131898,-0.664368,0.237617,0.134817,1.76252,0
0,6,6,9.99489,1.77366,0.118883,61.7019,0.256838,0.0204386,2.11044,0
1,6,6,12.0243,9.06323,0.747311,59.6795,0.255843,0.0107455,2.37721,0
2,6,6,14.6615,9.03152,0.818049,52.8037,0.244716,0.122461,1.99831,0
3,6,6,14.1756,6.22916,0.532794,45.5026,0.245037,0.0120024,2.08007,0
4,6,6,17.355,3.27882,0.658176,21.758,0.247552,0.010804,2.18282,0
5,6,6,19.0317,-1.29056,1.06844,3.14474,0.24225,0.0619016,1.91587,0
6,6,6,18.074,-1.57673,0.268451,-14.8329,0.244459,0.0156064,2.01906,0
7,6,6,17.7846,-3.15266,0.141522,-21.3623,0.245349,0.012884,2.0806,0
8,6,6,14.8878,-5.63627,-0.619022,-22.6166,0.245061,0.0259318,2.00364,0
9,6,6,13.2232,-3.59497,-0.687121,-21.7657,0.253856,0.0170286,2.1857,0
10,6,6,11.9908,-2.42618,-0.672905,-19.4991,0.250574,0.0300813,2.02648,0
11,6,6,11.3738,-1.62948,-0.595475,-16.9866,0.244866,0.0514428,1.85045,0
12,6,6,10.999,-0.807913,-0.262657,-12.4591,0.239267,0.134955,1.77294,0
13,6,6,10.9601,-0.785866,-0.115275,-10.5339,0.238373,0.134848,1.76771,0
14,6,6,11.0048,-0.908976,-0.0866216,-8.69594,0.237875,0.134788,1.7648,0
15,6,6,10.9667,-0.711722,-0.0439478,-7.10024,0.237853,0.134779,1.76476,0
16,6,6,10.9893,-0.858607,-0.137597,-5.78318,0.237639,0.134756,1.76347,0
17,6,6,10.9155,-0.745638,-0.159213,-4.66646,0.237628,0.134778,1.7631,0
18,6,6,10.8528,-0.659039,-0.172199,-3.68481,0.238001,0.134859,1.76481,0
19,6,6,10.5754,-0.584364,-0.20283,-2.91463,0.237694,0.134803,1.76328,0
20,6,6,10.5633,-0.567836,-0.203318,-2.36794,0.237516,0.13477,1.76238,0
21,6,6,10.4943,-0.551375,-0.187109,-1.86667,0.237483,0.134767,1.76218,0
22,6,6,10.4367,-0.534881,-0.162597,-1.40058,0.237475,0.134765,1.76214,0
23,6,6,10.3808,-0.519187,-0.14667,-0.989131,0.237442,0.134762,1.76193,0
0,7,6,10.0381,1.32973,0.161264,49.7052,0.249393,0.026635,1.95431,0
1,7,6,11.643,6.63943,0.92831,48.0398,0.256581,0.0157891,2.26688,0
2,7,6,13.9538,6.20637,0.998505,42.8114,0.255727,0.0147135,2.30145,0
3,7,6,16.0207,4.56278,1.14661,33.0255,0.251618,0.0214254,2.14855,0
4,7,6,16.9844,1.74546,1.33546,21.6633,0.24946,0.0230393,2.07871,0
5,7,6,17.304,-0.181391,1.46655,10.6771,0.250875,0.0208514,2.09407,0
6,7,6,17.5289,-1.30151,0.765915,1.63225,0.245844,0.0401456,1.96159,0
7,7,6,17.1771,-2.72987,-0.254903,-7.00254,0.243976,0.0410524,1.90384,0
8,7,6,15.7238,-3.29441,-0.718359,-13.4007,0.25049,0.0208475,2.01636,0
9,7,6,13.9621,-2.86044,-0.945137,-15.6868,0.251124,0.025911,2.00702,0
10,7,6,12.6516,-2.09687,-0.993042,-15.8937,0.250562,0.0318575,1.96045,0
11,7,6,11.7275,-1.58128,-0.937108,-14.8036,0.24564,0.0514331,1.84983,0
12,7,6,11.0249,-0.994795,-0.519994,-11.6962,0.239866,0.135137,1.77498,0
13,7,6,10.9228,-0.846654,-0.321161,-10.2183,0.238577,0.134901,1.76853,0
14,7,6,10.8685,-0.773315,-0.184693,-8.81645,0.23814,0.134862,1.7658,0
15,7,6,10.8024,-0.621374,-0.0959369,-7.47429,0.237835,0.134774,1.7647,0
16,7,6,10.8325,-0.702032,-0.108882,-6.30882,0.237716,0.134785,1.76367,0
17,7,6,10.7687,-0.600902,-0.108516,-5.22806,0.237663,0.134797,1.76312,0
18,7,6,10.7261,-0.51142,-0.11225,-4.26578,0.23771,0.134784,1.76363,0
19,7,6,10.6882,-0.583377,-0.181611,-3.45191,0.237575,0.134772,1.76279,0
20,7,6,10.6466,-0.569724,-0.1869,-2.79174,0.237515,0.13477,1.76237,0
21,7,6,10.5791,-0.552459,-0.1764,-2.20714,0.237505,0.134775,1.76224,0
22,7,6,10.5164,-0.531689,-0.156267,-1.67139,0.237497,0.134772,1.76221,0
23,7,6,10.454,-0.512485,-0.142687,-1.18189,0.237472,0.134773,1.76202,0
0,8,6,10.0557,0.947404,0.196581,41.7552,0.244461,0.0363032,1.86491,0
1,8,6,11.285,4.76384,1.11355,40.4272,0.255011,0.0217922,2.0575,0
2,8,6,12.9387,4.31675,1.22404,36.6648,0.257619,0.0205706,2.13202,0
3,8,6,14.4234,3.12517,1.39951,30.2764,0.25783,0.0207625,2.13221,0
4,8,6,15.3799,1.77381,1.64765,22.3879,0.25531,0.0234183,2.0914,0
5,8,6,16.1297,0.455382,1.85201,14.1555,0.253067,0.0257765,2.05164,0
6,8,6,16.5271,-0.413985,1.25746,5.91755,0.248815,0.0357284,1.96564,0
7,8,6,16.2194,-1.31477,0.143414,-1.73957,0.248716,0.0308396,1.94666,0
8,8,6,15.4283,-2.0932,-0.55964,-7.69313,0.248145,0.0337514,1.92599,0
9,8,6,14.2878,-2.0947,-1.06647,-11.1896,0.248142,0.0344668,1.91538,0
10,8,6,13.0911,-1.73293,-1.31902,-12.8416,0.251002,0.0308992,1.93466,0
11,8,6,12.039,-1.46161,-1.21196,-12.7325,0.24817,0.0479682,1.87615,0
12,8,6,11.4431,-1.24403,-0.942493,-11.8556,0.243271,0.0794288,1.80143,0
13,8,6,10.9972,-0.938084,-0.434637,-9.52726,0.239526,0.135153,1.77226,0
14,8,6,10.9139,-0.838325,-0.26566,-8.39337,0.238719,0.135015,1.76809,0
15,8,6,10.8497,-0.719676,-0.150238,-7.29754,0.238171,0.134865,1.76599,0
16,8,6,10.8478,-0.692493,-0.119075,-6.30983,0.237961,0.134854,1.76458,0
17,8,6,10.7744,-0.597316,-0.0960802,-5.33945,0.237793,0.134836,1.76357,0
18,8,6,10.7322,-0.522306,-0.0982279,-4.46169,0.237703,0.134786,1.76356,0
19,8,6,10.7014,-0.547767,-0.175654,-3.68192,0.237688,0.134806,1.76319,0
20,8,6,10.6413,-0.527986,-0.177075,-2.97863,0.237602,0.134795,1.76269,0
21,8,6,10.5805,-0.51402,-0.166524,-2.34754,0.237511,0.134778,1.76223,0
22,8,6,10.5269,-0.498971,-0.146861,-1.77421,0.237474,0.134771,1.76206,0
23,8,6,10.4736,-0.478404,-0.134333,-1.24923,0.237442,0.13477,1.76184,0
0,9,6,10.0508,0.662759,0.224157,36.3607,0.24197,0.0500487,1.81883,0
1,9,6,11.0008,3.44011,1.32026,35.3292,0.251614,0.0288594,1.93122,0
2,9,6,12.2499,3.12588,1.46215,32.5834,0.254117,0.0286453,1.97199,0
3,9,6,13.4239,2.44627,1.66385,28.0503,0.253886,0.0296553,1.97295,0
4,9,6,14.3621,1.6125,1.90967,22.2341,0.252747,0.0306184,1.9647,0
5,9,6,15.1988,0.780941,2.09759,15.6651,0.252098,0.0292965,1.96078,0
6,9,6,15.7475,-0.00897199,1.64221,8.47151,0.247915,0.0419475,1.90487,0
7,9,6,15.6125,-0.72138,0.591373,1.63147,0.246267,0.0416755,1.88252,0
8,9,6,15.1951,-1.29336,-0.381653,-4.08024,0.24564,0.0424316,1.87231,0
9,9,6,14.3316,-1.46908,-1.05588,-7.9564,0.245871,0.0413308,1.87061,0
10,9,6,13.2704,-1.41374,-1.37846,-10.2689,0.250016,0.0308612,1.908,0
11,9,6,12.2343,-1.33849,-1.27521,-10.7669,0.247387,0.0480969,1.85361,0
12,9,6,11.6197,-1.21455,-0.972641,-10.3669,0.243846,0.077482,1.80235,0
13,9,6,11.1587,-0.938534,-0.433254,-8.70067,0.239928,0.135265,1.77377,0
14,9,6,11.0518,-0.857253,-0.288813,-7.80187,0.239068,0.135104,1.76952,0
15,9,6,10.9706,-0.759147,-0.179358,-6.91076,0.238327,0.134908,1.76659,0
16,9,6,10.9692,-0.754039,-0.14361,-6.0813,0.238075,0.134886,1.765,0
17,9,6,10.8761,-0.65848,-0.110713,-5.23277,0.238002,0.134898,1.76432,0
18,9,6,10.816,-0.586007,-0.0973447,-4.44645,0.238009,0.134872,1.7647,0
19,9,6,10.7892,-0.642796,-0.189394,-3.71392,0.237897,0.134861,1.76402,0
20,9,6,10.6982,-0.603644,-0.18266,-3.00177,0.237804,0.134848,1.7635,0
21,9,6,10.6274,-0.577934,-0.16361,-2.35393,0.237686,0.134824,1.76294,0
22,9,6,10.5683,-0.556841,-0.13895,-1.76234,0.23759,0.134804,1.76248,0
23,9,6,10.5202,-0.528487,-0.122592,-1.23009,0.237541,0.1348,1.76217,0
0,10,6,10.0358,0.452815,0.259327,32.6078,0.240764,0.0672075,1.79626,0
1,10,6,10.7842,2.48827,1.58228,31.8142,0.248261,0.0351198,1.87117,0
2,10,6,11.821,2.26455,1.74021,29.726,0.250801,0.0346917,1.90451,0
3,10,6,12.8577,1.93775,1.94332,26.1876,0.251015,0.0374391,1.90579,0
4,10,6,13.7472,1.55697,2.08616,21.4362,0.250353,0.039989,1.89352,0
5,10,6,14.5264,1.09835,2.15581,15.8439,0.251166,0.0359123,1.89842,0
6,10,6,15.0753,0.479809,1.8302,9.58092,0.247577,0.0457853,1.86732,0
7,10,6,15.115,-0.0772893,1.0591,3.55295,0.246432,0.0416871,1.86727,0
8,10,6,14.9278,-0.583989,-0.100139,-1.7691,0.246406,0.0404965,1.87374,0
9,10,6,14.2022,-0.909818,-0.926482,-5.63337,0.246521,0.0425582,1.87095,0
10,10,6,13.2331,-1.13148,-1.25333,-8.08354,0.250621,0.0328069,1.9012,0
11,10,6,12.3151,-1.2133,-1.14938,-8.90303,0.247726,0.0502342,1.84693,0
12,10,6,11.7551,-1.154,-0.866823,-8.85727,0.244415,0.0768128,1.80159,0
13,10,6,11.3203,-0.907949,-0.395379,-7.79503,0.240197,0.135351,1.77462,0
14,10,6,11.1858,-0.824228,-0.284433,-7.13887,0.239053,0.135028,1.77039,0
15,10,6,11.1295,-0.78953,-0.205802,-6.43869,0.238609,0.134991,1.7676,0
16,10,6,11.0185,-0.713528,-0.144465,-5.72393,0.238369,0.134973,1.76606,0
17,10,6,10.9232,-0.634306,-0.107736,-4.99532,0.238155,0.134932,1.765,0
18,10,6,10.8511,-0.570315,-0.0871815,-4.28712,0.237962,0.134869,1.76439,0
19,10,6,10.8245,-0.604345,-0.125148,-3.60844,0.237832,0.134847,1.76372,0
20,10,6,10.7106,-0.567593,-0.116594,-2.91185,0.23777,0.134841,1.76334,0
21,10,6,10.6308,-0.550923,-0.0924212,-2.26347,0.237686,0.134826,1.76291,0
22,10,6,10.5723,-0.54089,-0.0649952,-1.67033,0.237638,0.134818,1.76266,0
23,10,6,10.5358,-0.521793,-0.0492707,-1.14725,0.237608,0.134811,1.76253,0
0,11,6,10.0239,0.315654,0.301169,29.9734,0.240392,0.0795593,1.78849,0
1,11,6,10.637,1.84345,1.89,29.3496,0.246968,0.0394839,1.85038,0
2,11,6,11.6171,1.65176,2.17238,27.6778,0.249416,0.0374441,1.8812,0
3,11,6,12.6738,1.52748,2.32171,24.4955,0.250789,0.0340081,1.90286,0
4,11,6,13.4966,1.52643,2.12781,20.0577,0.248716,0.0462387,1.86626,0
5,11,6,14.1243,1.34018,1.936,14.9173,0.248594,0.0466986,1.85298,0
6,11,6,14.6024,0.962239,1.56403,9.43819,0.24838,0.0420934,1.85706,0
7,11,6,14.7999,0.62883,0.867729,4.07714,0.24752,0.0394592,1.86803,0
8,11,6,14.5795,0.171447,-0.145627,-0.628043,0.246085,0.0372049,1.86959,0
9,11,6,13.9015,-0.305889,-0.746909,-4.04763,0.247182,0.0432868,1.86826,0
10,11,6,13.0583,-0.840977,-0.93503,-6.20448,0.249229,0.0424723,1.86983,0
11,11,6,12.3542,-1.04608,-0.838468,-7.11224,0.247198,0.0613899,1.83486,0
12,11,6,11.9152,-1.04279,-0.61705,-7.32335,0.243744,0.086265,1.79311,0
13,11,6,11.5153,-0.847638,-0.287777,-6.8122,0.240631,0.135508,1.77577,0
14,11,6,11.3803,-0.779273,-0.232097,-6.37536,0.239605,0.135185,1.77242,0
15,11,6,11.2725,-0.713515,-0.194054,-5.86706,0.239277,0.135178,1.77009,0
16,11,6,11.1302,-0.639482,-0.152498,-5.27957,0.238924,0.13512,1.76823,0
17,11,6,11.0196,-0.576681,-0.121588,-4.65817,0.238456,0.134989,1.76648,0
18,11,6,10.9399,-0.599812,-0.12645,-4.04473,0.238369,0.134868,1.76743,0
19,11,6,10.853,-0.62581,-0.162347,-3.40213,0.238159,0.134885,1.76565,0
20,11,6,10.7192,-0.580891,-0.134017,-2.73697,0.238048,0.134894,1.76471,0
21,11,6,10.6177,-0.568416,-0.0815588,-2.09153,0.237954,0.134879,1.7642,0
22,11,6,10.5577,-0.569124,-0.0279461,-1.49816,0.237901,0.134854,1.76414,0
23,11,6,10.5384,-0.562387,0.00465634,-0.997133,0.237963,0.134855,1.76458,0
0,12,6,10.0085,0.239868,0.348522,27.982,0.2409,0.0823406,1.78819,0
1,12,6,10.5443,1.48778,2.25768,27.5091,0.246661,0.0432183,1.83538,0
2,12,6,11.4599,1.40976,2.64319,26.1851,0.243844,0.0680591,1.8248,0
3,12,6,12.0569,0.938115,2.4002,22.5165,0.243813,0.0319928,1.87878,0
4,12,6,12.6277,1.61519,1.58733,16.7184,0.241813,0.0399452,1.81979,0
5,12,6,12.7806,1.29254,0.734957,11.5413,0.242153,0.063095,1.80244,0
6,12,6,13.1848,1.20644,0.264047,5.98307,0.242264,0.0490089,1.80893,0
7,12,6,13.3507,0.962585,0.130487,3.81255,0.242057,0.0493256,1.8108,0
8,12,6,13.3657,0.704448,-0.0358826,0.233595,0.241526,0.0449092,1.80821,0
9,12,6,13.5219,0.110986,-0.860441,-3.3701,0.244685,0.0490794,1.83021,0
10,12,6,12.9282,-0.50653,-0.634116,-4.70563,0.245697,0.0627648,1.82155,0
11,12,6,12.5251,-0.770703,-0.486157,-5.50169,0.244549,0.0840523,1.80103,0
12,12,6,12.2222,-0.823739,-0.353292,-5.86632,0.242175,0.102991,1.78308,0
13,12,6,12.0096,-0.539881,-0.168238,-4.95672,0.239185,0.135119,1.77018,0
14,12,6,11.6933,-0.689956,-0.231518,-5.5959,0.239726,0.135223,1.77283,0
15,12,6,11.5296,-0.666356,-0.252336,-5.25643,0.239361,0.135194,1.7705,0
16,12,6,11.3443,-0.589879,-0.213038,-4.81261,0.239248,0.135163,1.77008,0
17,12,6,11.1618,-0.581259,-0.222343,-4.30075,0.238675,0.135053,1.76728,0
18,12,6,11.0153,-0.524698,-0.199897,-3.76414,0.238715,0.135035,1.7678,0
19,12,6,10.7855,-0.584285,-0.166232,-3.17094,0.2387,0.135075,1.76716,0
20,12,6,10.643,-0.54169,-0.11647,-2.54204,0.238508,0.135039,1.76622,0
21,12,6,10.5235,-0.539827,-0.0304742,-1.8869,0.23852,0.13502,1.76655,0
22,12,6,10.4706,-0.564684,0.0687956,-1.27105,0.238878,0.135073,1.76851,0
23,12,6,10.4573,-0.539836,0.42492,-0.479359,0.240041,0.135058,1.77732,0
0,13,6,9.99414,0.222432,0.375036,26.207,0.242085,0.0803297,1.78967,0
1,13,6,10.4708,1.49915,2.50641,25.8866,0.243626,0.0660704,1.80327,0
2,13,6,10.313,0.852579,2.04222,25.6887,0.243649,0.0361698,1.82825,0
3,13,6,12.4119,1.22807,1.23229,17.917,0.24382,0.0396676,1.87322,0
4,13,6,12.4778,1.3349,0.365415,12.8594,0.244327,0.043747,1.83387,0
5,13,6,12.5723,0.871436,0.165778,8.23759,0.242876,0.0559703,1.80302,0
6,13,6,12.8136,0.725911,-0.0132712,4.83627,0.242291,0.0560619,1.80116,0
7,13,6,12.919,0.66682,-0.0767458,3.15717,0.24243,0.0482317,1.80894,0
8,13,6,12.493,0.700108,-1.20706,-2.90332,0.246287,0.0184338,1.96568,0
9,13,6,12.4143,-0.336235,-0.994573,-1.8076,0.243584,0.0622054,1.83255,0
10,13,6,12.4438,-0.444295,-0.445672,-2.44475,0.24388,0.0760759,1.79855,0
11,13,6,12.4031,-0.550861,-0.2675,-3.085,0.242017,0.113632,1.78345,0
12,13,6,12.3885,-0.593072,-0.23335,-4.62382,0.239366,0.135083,1.77199,0
13,13,6,11.9861,-0.446825,-0.132316,-4.32102,0.238884,0.135058,1.76875,0
14,13,6,11.822,-0.406406,-0.203514,-4.44484,0.239018,0.135018,1.77027,0
15,13,6,11.6254,-0.38977,-0.272689,-4.37973,0.238991,0.135091,1.76912,0
16,13,6,11.4273,-0.330222,-0.241965,-4.14862,0.238993,0.135094,1.76908,0
17,13,6,11.2211,-0.332583,-0.288478,-3.8231,0.238884,0.135114,1.76802,0
18,13,6,11.0346,-0.28165,-0.261437,-3.39406,0.239184,0.135175,1.76944,0
19,13,6,10.7771,-0.26402,-0.162582,-2.85832,0.239588,0.135343,1.77022,0
20,13,6,10.5906,-0.249185,-0.0720348,-2.22666,0.239846,0.135412,1.77122,0
21,13,6,10.4373,-0.241955,0.117619,-1.5184,0.24109,0.0998331,1.7787,0
22,13,6,10.3741,-0.411018,0.512206,-0.0939508,0.243325,0.0470495,1.80541,0
23,13,6,10.4915,-0.294753,0.345251,-0.285831,0.240225,0.0892555,1.78263,0
0,14,6,9.96411,0.209655,0.317727,22.2258,0.240507,0.0905731,1.78492,0
1,14,6,10.7806,1.52413,2.2914,21.6425,0.250325,0.0378039,1.85096,0
2,14,6,11.7795,1.68751,2.21366,19.7345,0.243097,0.134563,1.80656,0
3,14,6,11.0323,1.29916,2.16688,22.0632,0.246938,0.0203733,1.93794,0
4,14,6,12.1253,0.849364,1.03995,12.7862,0.243323,0.0232423,1.92309,0
5,14,6,12.3549,0.728575,0.457155,8.10361,0.240926,0.0472609,1.79449,0
6,14,6,12.4734,0.741377,0.395272,5.63068,0.240137,0.134916,1.7799,0
7,14,6,12.772,0.395117,-0.277772,1.80042,0.241276,0.05169,1.78948,0
8,14,6,12.4244,-0.0259002,-0.798203,-0.475312,0.241648,0.0503677,1.80802,0
9,14,6,12.2731,-0.592414,-0.718002,-0.720704,0.242958,0.0732373,1.79772,0
10,14,6,12.1191,-0.541326,-0.339447,-1.43248,0.241561,0.119288,1.78439,0
11,14,6,12.1136,-0.53959,-0.140013,-2.15357,0.240359,0.135276,1.77681,0
12,14,6,12.0641,-0.500658,-0.0963024,-2.84547,0.239368,0.135122,1.77149,0
13,14,6,11.8701,-0.359577,-0.152568,-3.88189,0.23895,0.135029,1.76962,0
14,14,6,11.7455,-0.300332,-0.226628,-4.16443,0.239259,0.135061,1.77149,0
15,14,6,11.5765,-0.287721,-0.321219,-4.22884,0.239157,0.135051,1.77086,0
16,14,6,11.4062,-0.275944,-0.324224,-4.08848,0.239113,0.135052,1.77052,0
17,14,6,11.1697,-0.236432,-0.307823,-3.82306,0.239001,0.135107,1.76897,0
18,14,6,10.9907,-0.172726,-0.282237,-3.44362,0.238975,0.13515,1.76822,0
19,14,6,10.7961,-0.12023,-0.214523,-2.92247,0.23923,0.135257,1.76871,0
20,14,6,10.6038,-0.0788532,-0.101727,-2.28171,0.23973,0.13539,1.77066,0
21,14,6,10.448,-0.0356688,0.0991974,-1.56446,0.241243,0.0935995,1.78033,0
22,14,6,10.34,-0.00386726,0.617755,0.013946,0.243369,0.0398407,1.81851,0
23,14,6,10.6202,0.0369327,0.635111,0.321237,0.243844,0.0622262,1.8234,0
0,15,6,10.0094,0.184889,0.337255,20.4912,0.240059,0.0873302,1.78547,0
1,15,6,10.7704,1.19269,2.0363,19.8144,0.248481,0.0397164,1.8545,0
2,15,6,11.728,1.251,1.78647,17.9055,0.251697,0.0391048,1.87727,0
3,15,6,11.4794,1.28006,1.33389,17.1532,0.243284,0.0360723,1.83327,0
4,15,6,12.1742,0.892963,0.871227,12.6323,0.243261,0.0447343,1.83491,0
5,15,6,12.372,0.632765,0.404602,8.7673,0.241902,0.0653402,1.80762,0
6,15,6,12.5687,0.060563,-0.151339,4.46803,0.24111,0.0738376,1.79238,0
7,15,6,12.3215,0.0482044,-0.316666,2.76057,0.240519,0.0858281,1.78088,0
8,15,6,12.0396,-0.115006,-0.372155,0.758517,0.241639,0.0746819,1.78521,0
9,15,6,12.0538,-0.423366,-0.301583,0.312139,0.242408,0.0883789,1.7859,0
10,15,6,11.9009,-0.443004,-0.06222,-0.552192,0.241239,0.133916,1.77967,0
11,15,6,11.9013,-0.427256,0.0512141,-1.37592,0.240196,0.135336,1.77482,0
12,15,6,11.9011,-0.393509,0.0294663,-2.20324,0.239376,0.135128,1.77147,0
13,15,6,11.7544,-0.288684,-0.149399,-3.51607,0.23905,0.135029,1.77036,0
14,15,6,11.618,-0.245178,-0.25473,-3.90614,0.239105,0.135083,1.77006,0
15,15,6,11.4464,-0.194833,-0.292263,-4.08122,0.238958,0.135056,1.76932,0
16,15,6,11.2787,-0.126011,-0.288203,-4.06666,0.238785,0.134993,1.76886,0
17,15,6,11.1229,-0.0588167,-0.280017,-3.89432,0.238692,0.135,1.76809,0
18,15,6,10.9488,0.0104433,-0.258466,-3.56413,0.23871,0.135026,1.76787,0
19,15,6,10.7663,0.074753,-0.207403,-3.08147,0.238899,0.135099,1.76833,0
20,15,6,10.5887,0.131836,-0.115765,-2.46723,0.239228,0.13521,1.76931,0
21,15,6,10.4283,0.193336,0.0278496,-1.78277,0.239798,0.133127,1.77261,0
22,15,6,10.3749,0.255759,0.245913,-1.10844,0.241194,0.0949858,1.78102,0
23,15,6,10.4278,0.340303,0.37862,-0.556674,0.239734,0.134976,1.77613,0
0,16,6,10.0668,0.157063,0.419046,19.2929,0.240212,0.0720598,1.79507,0
1,16,6,10.832,0.85316,1.92021,18.4849,0.246767,0.0399252,1.85164,0
2,16,6,11.6559,0.900697,1.51317,16.5875,0.249213,0.0436485,1.86383,0
3,16,6,12.2237,0.773041,0.994482,13.8963,0.248608,0.0518173,1.84999,0
4,16,6,12.4853,0.576408,0.547321,11.0136,0.246401,0.0681304,1.82665,0
5,16,6,12.5928,0.398745,0.194569,8.29144,0.244758,0.0820745,1.80946,0
6,16,6,12.5669,0.251049,-0.0631044,5.87101,0.243644,0.0956484,1.7973,0
7,16,6,12.4318,0.0897593,-0.221417,3.81047,0.242983,0.0992712,1.79066,0
8,16,6,12.1886,-0.0987999,-0.283166,2.17755,0.242249,0.109227,1.78551,0
9,16,6,11.938,-0.230343,-0.107887,1.03365,0.241608,0.117705,1.7812,0
10,16,6,11.8416,-0.282195,0.110641,0.133644,0.241041,0.127588,1.77802,0
11,16,6,11.8602,-0.279544,0.17466,-0.768654,0.240502,0.135429,1.77586,0
12,16,6,11.8874,-0.269038,0.0966132,-1.70001,0.239685,0.135223,1.77252,0
13,16,6,11.7378,-0.244575,-0.170502,-3.18799,0.239293,0.135084,1.77144,0
14,16,6,11.5959,-0.265274,-0.287395,-3.61709,0.239354,0.135103,1.77164,0
15,16,6,11.4535,-0.24616,-0.336289,-3.86161,0.239146,0.135055,1.77074,0
16,16,6,11.3176,-0.178657,-0.351882,-3.96179,0.239126,0.13503,1.77091,0
17,16,6,11.1758,-0.0740353,-0.360008,-3.91456,0.239216,0.135077,1.77097,0
18,16,6,11.0073,0.0458557,-0.361988,-3.69611,0.239626,0.135192,1.77249,0
19,16,6,10.8157,0.153703,-0.332256,-3.29077,0.239975,0.132176,1.77382,0
20,16,6,10.6262,0.232668,-0.260487,-2.72177,0.239921,0.135277,1.77355,0
21,16,6,10.4698,0.284778,-0.137672,-2.06461,0.239949,0.135321,1.77319,0
22,16,6,10.406,0.32269,-0.0104216,-1.41705,0.240113,0.134882,1.77393,0
23,16,6,10.4195,0.339099,0.0760884,-0.86861,0.240228,0.131563,1.77455,0
0,17,6,10.0842,0.126071,0.482777,18.5343,0.240298,0.0629688,1.80463,0
1,17,6,10.8714,0.610492,1.97044,17.5878,0.246568,0.0377161,1.86669,0
2,17,6,11.6313,0.651731,1.45203,15.6619,0.248049,0.0452085,1.86675,0
3,17,6,12.0972,0.602649,0.920895,13.1518,0.246972,0.0574888,1.84314,0
4,17,6,12.3155,0.459819,0.524046,10.576,0.245383,0.0720694,1.82057,0
5,17,6,12.438,0.307082,0.212353,8.14578,0.244351,0.082883,1.80551,0
6,17,6,12.4157,0.209737,-0.0435054,5.92041,0.243303,0.0998953,1.79362,0
7,17,6,12.2849,0.130171,-0.185948,4.02303,0.241907,0.124239,1.78429,0
8,17,6,12.0638,0.0363025,-0.218949,2.53297,0.240567,0.135381,1.77696,0
9,17,6,11.8578,-0.0432803,-0.0304753,1.46353,0.240252,0.135386,1.77457,0
10,17,6,11.7888,-0.084875,0.196171,0.582752,0.240565,0.121852,1.77578,0
11,17,6,11.8302,-0.10624,0.243124,-0.344708,0.240695,0.12174,1.77667,0
12,17,6,11.8704,-0.134814,0.126104,-1.32397,0.240102,0.13533,1.7742,0
13,17,6,11.6851,-0.204285,-0.143657,-2.84383,0.239509,0.135128,1.77246,0
14,17,6,11.5528,-0.270171,-0.218813,-3.2107,0.23865,0.134928,1.76873,0
15,17,6,11.4811,-0.294992,-0.255115,-3.50905,0.238398,0.134831,1.76813,0
16,17,6,11.4242,-0.235245,-0.335602,-3.779,0.238685,0.134848,1.77003,0
17,17,6,11.3234,-0.101244,-0.438907,-3.93275,0.238912,0.134965,1.77018,0
18,17,6,11.1547,0.0537271,-0.535148,-3.88699,0.239498,0.135118,1.77251,0
19,17,6,10.9289,0.209432,-0.546185,-3.59803,0.239964,0.113274,1.77671,0
20,17,6,10.6946,0.275664,-0.450135,-3.07278,0.241673,0.0865945,1.78516,0
21,17,6,10.5012,0.301372,-0.32463,-2.40677,0.240859,0.130684,1.78039,0
22,17,6,10.4264,0.302019,-0.207407,-1.73567,0.240164,0.135291,1.77516,0
23,17,6,10.4091,0.296393,-0.118429,-1.14155,0.239446,0.135176,1.77136,0
0,18,6,10.0906,0.121229,0.524757,18.0247,0.240451,0.0573426,1.81303,0
1,18,6,10.9076,0.551199,2.07567,16.9661,0.247233,0.0342026,1.88939,0
2,18,6,11.6043,0.554558,1.46808,15.0275,0.248573,0.042502,1.88704,0
3,18,6,11.9904,0.47259,0.854777,12.6298,0.247244,0.0562874,1.85672,0
4,18,6,12.1668,0.316782,0.514179,10.3091,0.244773,0.0767976,1.82396,0
5,18,6,12.3218,0.177562,0.28538,8.11198,0.244241,0.0758295,1.81067,0
6,18,6,12.3449,0.123717,-0.0304374,5.98973,0.243196,0.0833923,1.79298,0
7,18,6,12.2225,0.127987,-0.195238,4.14195,0.24207,0.114078,1.78559,0
8,18,6,12.0038,0.12079,-0.224742,2.69675,0.240325,0.135272,1.77661,0
9,18,6,11.8164,0.116574,-0.0254029,1.65094,0.240133,0.135268,1.77524,0
10,18,6,11.7412,0.125015,0.192884,0.776516,0.240882,0.111485,1.77857,0
11,18,6,11.7818,0.088516,0.248143,-0.12447,0.241068,0.114179,1.7791,0
12,18,6,11.8226,0.016707,0.132176,-1.07598,0.240418,0.135383,1.77583,0
13,18,6,11.6127,-0.117658,-0.0898506,-2.50557,0.239105,0.13507,1.77023,0
14,18,6,11.4959,-0.179399,-0.0442627,-2.80322,0.238992,0.135034,1.76986,0
15,18,6,11.4868,-0.264664,0.0422768,-3.09125,0.23928,0.135098,1.77116,0
16,18,6,11.5163,-0.231538,-0.142028,-3.513,0.239636,0.135154,1.77305,0
17,18,6,11.4722,-0.0954788,-0.407747,-3.91674,0.239854,0.132672,1.77433,0
18,18,6,11.2993,0.0495586,-0.664106,-4.08298,0.240204,0.105618,1.7787,0
19,18,6,11.0189,0.169853,-0.887605,-3.93885,0.240867,0.0829281,1.78739,0
20,18,6,10.685,0.252794,-0.693588,-3.40504,0.240596,0.100846,1.78635,0
21,18,6,10.5212,0.242351,-0.459166,-2.71106,0.240824,0.101024,1.78372,0
22,18,6,10.4299,0.227386,-0.343746,-1.99392,0.240082,0.135164,1.77623,0
23,18,6,10.3967,0.215168,-0.238899,-1.35273,0.239149,0.135094,1.77024,0
0,19,6,10.093,0.137931,0.529968,17.4069,0.240649,0.0562544,1.81537,0
1,19,6,10.8799,0.612408,2.07169,16.359,0.247701,0.0327556,1.89772,0
2,19,6,11.4936,0.555394,1.48387,14.5371,0.248618,0.0432279,1.8915,0
3,19,6,11.8237,0.400193,0.91364,12.3617,0.246536,0.0626801,1.85521,0
4,19,6,12.0017,0.198203,0.708208,10.3135,0.244786,0.0722755,1.82704,0
5,19,6,12.2282,-0.00160005,0.493701,8.27809,0.245622,0.0624716,1.81978,0
6,19,6,12.3372,0.0592022,0.0377955,6.17877,0.242111,0.12227,1.7894,0
7,19,6,12.2417,0.188218,-0.2617,4.24738,0.239892,0.134997,1.77701,0
8,19,6,12.0278,0.243432,-0.326645,2.73463,0.238977,0.134948,1.77088,0
9,19,6,11.846,0.2878,-0.184023,1.6039,0.239777,0.128262,1.77542,0
10,19,6,11.7418,0.292179,0.0400493,0.674203,0.241034,0.102896,1.78005,0
11,19,6,11.724,0.233798,0.125735,-0.145945,0.240583,0.130795,1.77731,0
12,19,6,11.7418,0.136934,0.0713266,-0.989036,0.239691,0.135193,1.77295,0
13,19,6,11.5566,-0.0157412,-0.0848149,-2.26563,0.238929,0.135043,1.76928,0
14,19,6,11.4357,-0.0490089,0.0449197,-2.54154,0.238695,0.134974,1.76846,0
15,19,6,11.4567,-0.121967,0.245253,-2.7487,0.239352,0.135106,1.77159,0
16,19,6,11.5761,-0.143402,0.0939044,-3.22575,0.240255,0.110458,1.77708,0
17,19,6,11.6072,-0.0929497,-0.368749,-3.82581,0.240739,0.0995157,1.78149,0
18,19,6,11.4173,0.00431742,-0.770781,-4.16843,0.240804,0.0938538,1.78501,0
19,19,6,11.1262,0.0644949,-1.02549,-4.13449,0.240935,0.08388,1.79006,0
20,19,6,10.75,0.117027,-0.889862,-3.68882,0.244619,0.0530876,1.81809,0
21,19,6,10.4789,0.124247,-0.618882,-2.92107,0.242552,0.103503,1.79724,0
22,19,6,10.4263,0.1163,-0.45383,-2.16531,0.240501,0.135038,1.78099,0
23,19,6,10.3901,0.114789,-0.333536,-1.48589,0.239121,0.134982,1.7715,0
0,20,6,10.0975,0.177127,0.522825,16.654,0.240643,0.0559055,1.8143,0
1,20,6,10.7989,0.783108,1.90442,15.6434,0.246492,0.0362658,1.87495,0
2,20,6,11.2946,0.655336,1.43676,14.0729,0.247013,0.0494737,1.8653,0
3,20,6,11.5722,0.438414,1.01517,12.2438,0.244564,0.0805396,1.83125,0
4,20,6,11.7495,0.234574,1.02946,10.5218,0.243774,0.0844745,1.81337,0
5,20,6,12.1905,0.0397058,0.785306,8.74335,0.243035,0.0849881,1.80291,0
6,20,6,11.6887,0.0060742,0.453902,6.76806,0.242672,0.0520262,1.80602,0
7,20,6,11.6311,0.0924381,0.338694,4.69409,0.239588,0.134848,1.77672,0
8,20,6,11.6776,0.350779,-0.249545,2.03428,0.24031,0.115642,1.78031,0
9,20,6,11.4486,0.4345,-0.252414,0.96843,0.240478,0.0932661,1.7835,0
10,20,6,11.7042,0.339335,-0.395541,0.456444,0.239628,0.133202,1.77759,0
11,20,6,11.6654,0.246946,-0.124448,-0.218449,0.239785,0.135051,1.77552,0
12,20,6,11.6967,0.16079,-0.0827044,-0.920817,0.238901,0.13494,1.77042,0
13,20,6,11.5687,0.0462968,-0.143485,-2.08459,0.238274,0.134873,1.76666,0
14,20,6,11.4527,0.0423164,-0.074842,-2.37603,0.238495,0.134932,1.76752,0
15,20,6,11.4599,0.03868,0.237652,-2.56609,0.240586,0.0998954,1.7769,0
16,20,6,11.5953,0.00366629,0.231794,-3.03117,0.240301,0.131899,1.7768,0
17,20,6,11.6749,-0.0379934,-0.329919,-3.67299,0.241666,0.0812026,1.78717,0
18,20,6,11.4813,-0.0442321,-0.844736,-4.11165,0.241738,0.0831907,1.79121,0
19,20,6,11.1712,-0.0433806,-1.02248,-4.11545,0.241454,0.087182,1.79164,0
20,20,6,10.7936,-0.0683893,-0.881814,-3.70047,0.244543,0.058812,1.81133,0
21,20,6,10.5275,-0.0314347,-0.68527,-2.97814,0.242397,0.10809,1.79265,0
22,20,6,10.4293,0.00299766,-0.507921,-2.24207,0.240716,0.135241,1.7799,0
23,20,6,10.3783,0.0213774,-0.388139,-1.55907,0.23927,0.135091,1.77118,0
0,21,6,10.0764,0.216439,0.390745,15.4131,0.240275,0.0705365,1.79651,0
1,21,6,10.6093,0.909228,1.48675,14.6789,0.244457,0.0490303,1.8311,0
2,21,6,11.0187,0.762641,1.23397,13.4918,0.244696,0.0644754,1.82441,0
3,21,6,11.2697,0.545075,1.04305,12.0805,0.242706,0.108316,1.80237,0
4,21,6,11.4898,0.390778,1.16505,10.6601,0.243602,0.0859791,1.79998,0
5,21,6,11.9892,0.287001,1.19688,9.01396,0.242875,0.0803249,1.8018,0
6,21,6,11.6262,0.222208,0.647579,7.1249,0.241919,0.0798445,1.79358,0
7,21,6,12.3287,0.124509,-0.270791,4.10421,0.240997,0.129078,1.79021,0
8,21,6,12.178,0.124418,-0.571725,2.58083,0.23929,0.13483,1.77476,0
9,21,6,11.4536,0.26903,-0.497116,0.540719,0.242015,0.0605022,1.80258,0
10,21,6,11.5674,0.20364,-0.590708,0.322481,0.239732,0.13473,1.77936,0
11,21,6,11.5307,0.17994,-0.214893,-0.24903,0.239605,0.13496,1.77537,0
12,21,6,11.5694,0.14068,-0.0992363,-0.853704,0.238651,0.134856,1.76967,0
13,21,6,11.5209,0.0897778,-0.130579,-1.9707,0.237837,0.134762,1.76486,0
14,21,6,11.4406,0.0964141,-0.106053,-2.32482,0.237802,0.134773,1.76446,0
15,21,6,11.4309,0.138794,0.0736423,-2.58289,0.238509,0.134941,1.76751,0
16,21,6,11.5214,0.105561,0.0818232,-2.98814,0.239278,0.13509,1.77125,0
17,21,6,11.5844,0.00338512,-0.324305,-3.53756,0.24097,0.100569,1.77833,0
18,21,6,11.4375,-0.0972601,-0.705707,-3.94434,0.24182,0.0935929,1.78484,0
19,21,6,11.1413,-0.176484,-0.873433,-3.97261,0.244786,0.0613996,1.80378,0
20,21,6,10.7999,-0.193599,-0.789586,-3.53881,0.243498,0.0908872,1.79621,0
21,21,6,10.5751,-0.141032,-0.60716,-2.90145,0.241854,0.128055,1.78487,0
22,21,6,10.471,-0.0887446,-0.479616,-2.21997,0.240222,0.135321,1.7752,0
23,21,6,10.3996,-0.0560045,-0.37404,-1.5593,0.239037,0.135128,1.76897,0
0,22,6,10.0414,0.176196,0.235491,14.1875,0.239404,0.109779,1.7799,0
1,22,6,10.4273,0.811848,1.07432,13.7309,0.24221,0.0689513,1.79787,0
2,22,6,10.7993,0.706713,0.957076,12.8491,0.242643,0.0855373,1.79556,0
3,22,6,11.0459,0.571475,0.901211,11.7396,0.241822,0.116436,1.7869,0
4,22,6,11.3348,0.48866,1.05905,10.5047,0.243691,0.0811283,1.7932,0
5,22,6,11.8302,0.443372,1.05088,8.94961,0.242047,0.105663,1.78942,0
6,22,6,11.3951,0.291752,0.577843,7.21839,0.241177,0.0802689,1.7889,0
7,22,6,11.5676,-0.0362769,0.259663,4.84206,0.240287,0.121299,1.78065,0
8,22,6,11.5356,0.115136,-0.197874,2.60231,0.239592,0.134898,1.77609,0
9,22,6,11.5557,-0.00293817,-0.568884,0.646278,0.241598,0.061044,1.79929,0
10,22,6,11.6679,-0.0336738,-0.616002,0.413617,0.23912,0.134708,1.7751,0
11,22,6,11.5801,0.0318552,-0.296739,-0.190794,0.238702,0.134796,1.77084,0
12,22,6,11.593,0.0571565,-0.194553,-1.39468,0.237802,0.134737,1.76494,0
13,22,6,11.5668,0.0477363,-0.212573,-1.92552,0.238153,0.134749,1.76738,0
14,22,6,11.5181,0.0491669,-0.231067,-2.3338,0.237886,0.134749,1.7654,0
15,22,6,11.4718,0.0865224,-0.181439,-2.65395,0.237939,0.134786,1.76531,0
16,22,6,11.495,0.0728902,-0.18127,-3.0098,0.238795,0.134974,1.76919,0
17,22,6,11.5105,-0.0435496,-0.388469,-3.41134,0.23988,0.121558,1.77369,0
18,22,6,11.3607,-0.162053,-0.565898,-3.67186,0.241702,0.0932348,1.78138,0
19,22,6,11.1088,-0.242918,-0.656668,-3.6443,0.242039,0.101402,1.78284,0
20,22,6,10.8426,-0.234692,-0.61348,-3.29855,0.241489,0.119789,1.77985,0
21,22,6,10.6426,-0.179392,-0.507699,-2.77278,0.24033,0.135435,1.77451,0
22,22,6,10.5334,-0.129087,-0.416564,-2.17054,0.23927,0.135225,1.76943,0
23,22,6,10.4463,-0.0894071,-0.328183,-1.54528,0.238541,0.135064,1.76614,0
0,23,6,10.0204,0.10887,0.143608,13.3323,0.238825,0.134749,1.77237,0
1,23,6,10.3272,0.602348,0.795901,12.9896,0.240983,0.0890897,1.7816,0
2,23,6,10.6563,0.543619,0.756307,12.2994,0.241417,0.107792,1.78115,0
3,23,6,10.9335,0.481453,0.748977,11.3522,0.241115,0.120691,1.77898,0
4,23,6,11.2574,0.460026,0.843726,10.1594,0.242138,0.0961798,1.78354,0
5,23,6,11.6417,0.458875,0.776826,8.58535,0.242185,0.100883,1.78429,0
6,23,6,11.9304,0.26482,0.406803,6.69791,0.240465,0.135309,1.77715,0
7,23,6,12.0055,0.0310844,0.0545914,4.80305,0.239555,0.13511,1.77303,0
8,23,6,11.9555,-0.0720667,-0.236618,3.13416,0.238416,0.134828,1.76829,0
9,23,6,11.8524,-0.108162,-0.385198,1.74419,0.238566,0.134818,1.76954,0
10,23,6,11.6631,-0.0686789,-0.354776,0.67681,0.239593,0.126747,1.77319,0
11,23,6,11.516,-0.0116159,-0.234447,-0.0436905,0.23855,0.134902,1.76832,0
12,23,6,11.4997,0.0292002,-0.179878,-1.30378,0.237737,0.134757,1.7642,0
13,23,6,11.476,0.0271507,-0.206156,-1.84966,0.238079,0.134753,1.76678,0
14,23,6,11.4316,0.0341611,-0.224432,-2.3021,0.237848,0.134765,1.76491,0
15,23,6,11.3897,0.0496608,-0.226308,-2.66166,0.237731,0.134765,1.76404,0
16,23,6,11.3684,0.0320101,-0.252112,-2.99128,0.238115,0.134838,1.76593,0
17,23,6,11.3334,-0.0438041,-0.33265,-3.27958,0.238578,0.13496,1.76777,0
18,23,6,11.2069,-0.129294,-0.415822,-3.42575,0.239129,0.135111,1.76987,0
19,23,6,11.0248,-0.185109,-0.465163,-3.36549,0.239466,0.135233,1.77077,0
20,23,6,10.8258,-0.184898,-0.449984,-3.0807,0.239292,0.135228,1.76955,0
21,23,6,10.6558,-0.148565,-0.3933,-2.64454,0.238893,0.135131,1.76786,0
22,23,6,10.5508,-0.117983,-0.34011,-2.11039,0.238367,0.135019,1.76543,0
23,23,6,10.4652,-0.090282,-0.26597,-1.52119,0.238018,0.134933,1.76397,0
0,0,7,10.0612,0.0395902,0.0173282,143.797,0.238414,0.134666,1.7704,0
1,0,7,9.71389,0.465948,0.113505,143.732,0.248036,0.0282505,1.9159,0
2,0,7,10.5202,-0.435655,0.0827605,143.235,0.24919,0.0156421,2.13032,0
3,0,7,17.3114,-1.99641,0.086493,132.798,0.253228,0.0037545,2.94194,0
4,0,7,26.9484,0.897948,0.0695668,35.4346,0.242471,0.0042544,2.15396,0
5,0,7,26.3355,1.08998,0.0853066,-100.682,0.245042,0.0121803,2.10474,0
6,0,7,23.9608,-0.195365,0.138116,-119.085,0.241401,0.0138206,1.87312,0
7,0,7,23.2088,0.187866,0.133563,-113.184,0.242158,0.00714808,1.96867,0
8,0,7,11.5778,-0.745126,0.137744,-45.5475,0.243183,0.0217377,2.16974,0
9,0,7,8.07699,-0.666358,0.14867,-31.5895,0.240747,0.126485,1.90336,0
10,0,7,12.1624,-0.434855,0.0235423,-20.8193,0.240438,0.131488,1.82859,0
11,0,7,12.0508,0.205153,0.389723,-12.7231,0.25294,0.0266308,1.93397,0
12,0,7,11.8884,0.725555,0.56322,-3.14384,0.255464,0.0406197,1.87604,0
13,0,7,11.3354,0.857881,0.342474,-0.851059,0.255266,0.055951,1.86015,0
14,0,7,11.2483,0.70031,0.238423,0.46235,0.247443,0.129983,1.81726,0
15,0,7,11.1272,0.586344,0.0553484,1.44721,0.243041,0.125767,1.78992,0
16,0,7,10.5527,0.303507,-0.223786,1.77939,0.250158,0.0564197,1.81824,0
17,0,7,10.5666,0.192279,-0.419488,1.5561,0.243836,0.136143,1.79103,0
18,0,7,10.4438,0.123739,-0.603275,1.33353,0.241555,0.135637,1.78089,0
19,0,7,10.307,0.0943188,-0.51788,1.16134,0.240608,0.135434,1.77657,0
20,0,7,10.1733,0.0577333,-0.368389,1.09303,0.24035,0.135392,1.77522,0
21,0,7,10.1064,0.0348511,-0.282259,1.06353,0.238982,0.135101,1.76891,0
22,0,7,10.0932,0.0184939,-0.211252,0.975494,0.238075,0.1349,1.76483,0
23,0,7,10.1139,0.00598543,-0.154778,0.809728,0.237618,0.134802,1.76273,0
0,1,7,10.1267,0.117387,0.0177094,142.712,0.238311,0.134553,1.77114,0
1,1,7,7.7182,2.37451,0.16126,143.592,0.259988,0.0141127,2.48203,0
2,1,7,7.24755,-0.920272,0.111356,146.564,0.264105,0.0105682,2.78323,0
3,1,7,5.43345,-3.90133,0.0823378,151.53,0.260249,0.00337895,3.30883,0
4,1,7,17.8363,-14.8515,0.0838908,74.8503,0.288377,0.000303332,64.0945,0
5,1,7,,,,,,,,1
6,1,7,24.803,-2.15189,-0.0713268,-134.189,0.320342,0.00301343,63.97,0
7,1,7,11.8746,1.99102,0.118935,-86.2862,0.249861,0.00619996,3.90916,0
8,1,7,6.42716,-0.0545537,0.0945631,-40.4621,0.260349,0.00748088,3.34619,0
9,1,7,10.4518,-0.0617684,0.12234,-26.0625,0.251441,0.0206111,2.14886,0
10,1,7,4.8101,1.03585,0.053022,-17.7634,0.283441,0.0135105,3.14238,0
11,1,7,6.57922,1.77317,0.191503,-11.3536,0.295833,0.0181823,3.19294,0
12,1,7,7.38528,1.70184,0.487592,-2.35704,0.278117,0.0202955,2.54549,0
13,1,7,7.57765,1.0495,0.226793,-0.327931,0.281021,0.0242506,2.47215,0
14,1,7,8.19407,0.818332,0.100287,0.817238,0.280192,0.032156,2.28489,0
15,1,7,8.67349,0.688877,-0.115581,1.58566,0.275612,0.0421307,2.08272,0
16,1,7,8.73745,0.317971,-0.325264,1.73976,0.270227,0.0517474,1.97495,0
17,1,7,9.06458,0.130844,-0.481188,1.5863,0.259959,0.0578301,1.86532,0
18,1,7,9.11736,-0.152921,-0.536263,1.37884,0.251733,0.0837316,1.82738,0
19,1,7,9.22639,-0.188861,-0.466674,1.15243,0.247197,0.0954987,1.80631,0
20,1,7,9.26309,-0.197146,-0.373032,1.08538,0.243132,0.135998,1.78777,0
21,1,7,9.35315,-0.187608,-0.269473,1.04208,0.24085,0.135548,1.77686,0
22,1,7,9.47449,-0.180668,-0.193954,0.956598,0.239874,0.135363,1.77208,0
23,1,7,9.60872,-0.179548,-0.140237,0.802775,0.239558,0.135313,1.7704,0
0,2,7,9.99929,0.574479,0.0248687,138.296,0.239538,0.0539175,1.8152,0
1,2,7,6.55402,6.08241,0.187837,140.087,0.260328,0.00942892,2.71992,0
2,2,7,4.21268,1.82773,0.14715,146.218,0.277978,0.00838882,3.50915,0
3,2,7,0.237599,0.801853,0.219599,152.915,0.236733,0.0267742,8.84183,0
4,2,7,,,,,,,,1
5,2,7,,,,,,,,1
6,2,7,,,,,,,,1
7,2,7,1.49867,-5.2166,0.40288,-52.9221,0.32974,0.00124142,25.4876,0
8,2,7,2.7116,-0.354044,0.082014,-35.3777,0.27211,0.00871022,3.52418,0
9,2,7,-3.72414,-2.61889,0.193935,-25.1742,0.287458,0.0143537,3.671,0
10,2,7,1.60515,-2.74807,0.193849,-18.2388,0.371191,0.0205968,4.71758,0
11,2,7,2.97855,-1.86857,0.305513,-12.1455,0.334889,0.0298059,3.34449,0
12,2,7,5.36052,-0.712548,0.371571,-3.69648,0.290647,0.0319005,2.30621,0
13,2,7,6.29736,-0.527469,0.203165,-1.61241,0.288501,0.03756,2.20373,0
14,2,7,7.17546,-0.571038,0.0515438,-0.314067,0.284829,0.0436066,2.09132,0
15,2,7,7.85956,-0.597168,-0.1134,0.555547,0.275105,0.0496226,1.96726,0
16,2,7,8.25926,-0.461794,-0.244272,0.900531,0.264779,0.0623244,1.89916,0
17,2,7,8.67049,-0.567826,-0.333941,0.966877,0.257095,0.070178,1.85531,0
18,2,7,8.93555,-0.640238,-0.400834,0.933283,0.249141,0.0814507,1.81334,0
19,2,7,9.06608,-0.495252,-0.374887,0.848382,0.245347,0.107732,1.79637,0
20,2,7,9.16907,-0.470562,-0.308508,0.820638,0.242523,0.135983,1.78349,0
21,2,7,9.27804,-0.434742,-0.239559,0.807172,0.240997,0.135651,1.77659,0
22,2,7,9.40152,-0.407564,-0.182273,0.762332,0.240059,0.135439,1.77245,0
23,2,7,9.53377,-0.393593,-0.138447,0.660551,0.239403,0.135282,1.76966,0
0,3,7,9.97188,1.659,0.03213,126.923,0.249283,0.0207262,2.07983,0
1,3,7,6.84553,12.034,0.236974,130.069,0.250488,0.0189207,2.24922,0
2,3,7,4.08426,6.33262,0.157181,138.106,0.262576,0.00810432,2.8928,0
3,3,7,-1.38628,6.5571,0.215511,148.068,0.262864,0.01345,3.65261,0
4,3,7,,,,,,,,1
5,3,7,,,,,,,,1
6,3,7,,,,,,,,1
7,3,7,3.60166,2.97137,0.171446,-42.966,0.259803,0.00112457,52.9742,0
8,3,7,-1.81977,-4.52718,0.121302,-34.1016,0.264606,0.0141183,3.04834,0
9,3,7,6.15781,-5.59043,0.137696,-26.5546,0.254953,0.0190048,2.39407,0
10,3,7,4.86865,-3.54573,0.169259,-20.9329,0.275061,0.0158007,2.83446,0
11,3,7,6.89557,-2.27004,0.24843,-15.6625,0.281599,0.0176554,2.77661,0
12,3,7,8.27219,-1.40823,0.233334,-7.46692,0.27108,0.0288603,2.14183,0
13,3,7,8.7162,-1.28153,0.133025,-4.88425,0.272121,0.035174,2.06709,0
14,3,7,9.2179,-1.18116,0.0448351,-3.13068,0.271274,0.0422059,1.98943,0
15,3,7,9.54189,-1.1267,-0.0412608,-1.80705,0.265566,0.0510108,1.90684,0
16,3,7,9.54836,-1.01828,-0.136792,-0.934667,0.25984,0.0591582,1.86668,0
17,3,7,9.77861,-1.03179,-0.203466,-0.482544,0.253989,0.069935,1.83558,0
18,3,7,9.87007,-1.04293,-0.25107,-0.133136,0.249696,0.0709823,1.81245,0
19,3,7,9.74287,-0.768101,-0.269275,0.0693202,0.247374,0.0824712,1.80264,0
20,3,7,9.80964,-0.711273,-0.241175,0.15064,0.244872,0.099197,1.79233,0
21,3,7,9.83029,-0.653463,-0.200325,0.235629,0.242996,0.11315,1.78461,0
22,3,7,9.87014,-0.609107,-0.159986,0.2919,0.241391,0.135761,1.77805,0
23,3,7,9.92446,-0.584031,-0.128618,0.298533,0.240138,0.135445,1.77295,0
0,4,7,9.99082,2.49129,0.0531073,103.501,0.257655,0.0143992,2.37827,0
1,4,7,7.95581,9.09813,0.192751,112.14,0.252307,0.00764114,2.39513,0
2,4,7,7.69557,11.7681,0.221163,115.433,0.24716,0.0167871,2.19952,0
3,4,7,3.29528,10.4796,0.144547,127.381,0.248917,0.00333917,2.69824,0
4,4,7,,,,,,,,1
5,4,7,,,,,,,,1
6,4,7,,,,,,,,1
7,4,7,1.57884,-2.31156,-0.464309,-71.1889,0.307011,0.00293858,12.7358,0
8,4,7,5.74139,-6.36994,0.0679037,-44.5871,0.250146,0.0093489,2.42188,0
9,4,7,10.5846,-3.82535,0.060846,-28.8376,0.244565,0.0265457,1.98588,0
10,4,7,8.11847,-3.03007,-0.0109611,-22.9552,0.262106,0.0167172,2.43062,0
11,4,7,9.4333,-1.91287,0.0484079,-18.2222,0.26484,0.0244167,2.22662,0
12,4,7,10.0771,-1.13143,0.123397,-10.9295,0.252981,0.0489003,1.86065,0
13,4,7,10.2888,-1.16379,0.0773865,-8.18198,0.25292,0.0595036,1.84035,0
14,4,7,10.4813,-0.99359,0.0331714,-6.06894,0.249762,0.072864,1.81908,0
15,4,7,10.5981,-0.875282,-0.0111145,-4.40073,0.245865,0.090955,1.79811,0
16,4,7,10.5298,-0.935695,-0.078287,-3.12931,0.244023,0.099695,1.78976,0
17,4,7,10.6047,-0.91528,-0.126554,-2.28162,0.242601,0.108872,1.78361,0
18,4,7,10.5836,-0.890526,-0.161857,-1.57793,0.241995,0.10455,1.78126,0
19,4,7,10.3519,-0.766114,-0.186604,-1.07227,0.241386,0.120615,1.77851,0
20,4,7,10.3795,-0.721776,-0.178827,-0.805388,0.240424,0.135489,1.7745,0
21,4,7,10.3339,-0.674902,-0.15705,-0.566885,0.239715,0.135315,1.77153,0
22,4,7,10.3047,-0.639675,-0.130566,-0.365669,0.239056,0.13515,1.76882,0
23,4,7,10.2896,-0.624403,-0.110264,-0.211328,0.23845,0.134997,1.76634,0
0,5,7,10.0633,2.38418,0.0771244,78.2994,0.258109,0.0153205,2.35813,0
1,5,7,11.366,13.2404,0.507166,76.027,0.247445,0.0459461,2.06173,0
2,5,7,10.3351,9.39319,0.314503,78.5179,0.245793,0.0132416,2.06295,0
3,5,7,15.7515,11.0771,0.377634,62.2656,0.242271,0.02438,2.03722,0
4,5,7,19.7808,1.51968,0.251447,-6.78996,0.244505,0.00452763,5.34973,0
5,5,7,17.6322,-0.729775,0.51865,-17.9645,0.245575,0.0202475,2.02596,0
6,5,7,18.2487,-0.81214,0.248678,-26.4816,0.2425,0.00808436,1.95625,0
7,5,7,18.4269,-1.62629,0.205638,-31.2113,0.243539,0.0081358,2.01843,0
8,5,7,11.721,-5.37052,0.0400307,-36.779,0.245977,0.00882913,2.13985,0
9,5,7,10.5636,-5.32617,-0.233247,-27.0372,0.244185,0.0390537,1.9917,0
10,5,7,10.9535,-2.8592,-0.220683,-21.9669,0.255332,0.0197017,2.13941,0
11,5,7,10.8762,-1.88156,-0.179948,-18.1277,0.251148,0.0382732,1.97776,0
12,5,7,10.8746,-0.857472,-0.03619,-12.3545,0.241071,0.13481,1.78652,0
13,5,7,10.8981,-1.01398,-0.0222542,-9.98396,0.239888,0.135015,1.77675,0
14,5,7,10.8633,-0.755457,-0.032708,-7.83345,0.23962,0.135125,1.77331,0
15,5,7,10.9184,-0.606077,-0.0434625,-6.13127,0.238543,0.134939,1.76779,0
16,5,7,10.9272,-0.776807,-0.0863087,-4.7705,0.23799,0.134817,1.76527,0
17,5,7,10.8955,-0.714097,-0.112217,-3.70436,0.23797,0.134829,1.76498,0
18,5,7,10.8425,-0.664759,-0.130454,-2.81018,0.23804,0.134819,1.76562,0
19,5,7,10.6419,-0.648049,-0.152622,-2.143,0.238013,0.134839,1.76517,0
20,5,7,10.6258,-0.61573,-0.151227,-1.70696,0.237671,0.134764,1.7636,0
21,5,7,10.5517,-0.587511,-0.13862,-1.32204,0.237629,0.134765,1.76328,0
22,5,7,10.4895,-0.569708,-0.121591,-0.981027,0.237546,0.134748,1.7629,0
23,5,7,10.436,-0.563682,-0.103673,-0.679606,0.237454,0.134728,1.76246,0
0,6,7,9.98934,1.79587,0.0997036,60.6029,0.256913,0.0201947,2.12146,0
1,6,7,12.0737,9.18978,0.628976,58.5113,0.255861,0.0106459,2.38332,0
2,6,7,14.7231,9.16281,0.681962,51.5043,0.244728,0.122367,1.99995,0
3,6,7,14.2303,6.30991,0.445489,44.0475,0.245086,0.0119938,2.0799,0
4,6,7,17.388,3.37444,0.523761,20.1889,0.247619,0.0109,2.1817,0
5,6,7,18.7965,-1.13368,0.739442,1.99463,0.241924,0.104383,1.90127,0
6,6,7,16.4722,-0.486111,0.358709,-7.35874,0.241673,0.0211866,1.86627,0
7,6,7,16.5651,-0.971374,0.224597,-12.5614,0.242577,0.0214009,1.90579,0
8,6,7,14.7429,-5.61459,-0.212707,-21.2631,0.244559,0.0287679,1.98811,0
9,6,7,13.1657,-3.7067,-0.345556,-20.4745,0.253603,0.0178933,2.1515,0
10,6,7,12.0253,-2.6492,-0.405914,-18.4259,0.250068,0.0321856,2.00215,0
11,6,7,11.4447,-1.85119,-0.38182,-16.1693,0.244959,0.0504873,1.84614,0
12,6,7,11.0445,-0.933125,-0.21791,-12.0883,0.240484,0.130132,1.78048,0
13,6,7,10.9791,-0.806169,-0.140019,-10.3401,0.238744,0.134873,1.77013,0
14,6,7,10.962,-1.09288,-0.132235,-8.60209,0.238217,0.134819,1.76694,0
15,6,7,10.9104,-0.859415,-0.103969,-7.07604,0.237955,0.13476,1.76577,0
16,6,7,10.9183,-0.856376,-0.149056,-5.77685,0.237658,0.134717,1.76413,0
17,6,7,10.8541,-0.725873,-0.148419,-4.66219,0.237529,0.134706,1.76332,0
18,6,7,10.8124,-0.628575,-0.144635,-3.69601,0.237668,0.134721,1.76414,0
19,6,7,10.6016,-0.596637,-0.16251,-2.94482,0.237521,0.13471,1.76321,0
20,6,7,10.5847,-0.57472,-0.159745,-2.39097,0.237404,0.134695,1.76253,0
21,6,7,10.5211,-0.554123,-0.149516,-1.89229,0.237367,0.134696,1.76224,0
22,6,7,10.4666,-0.543206,-0.129991,-1.44388,0.237356,0.134696,1.76216,0
23,6,7,10.4098,-0.534549,-0.113753,-1.02975,0.237344,0.134696,1.76206,0
0,7,7,10.0335,1.34827,0.134533,48.4016,0.249435,0.0259805,1.97263,0
1,7,7,11.6951,6.76224,0.772599,46.6623,0.256671,0.0156234,2.28217,0
2,7,7,14.0304,6.32826,0.816297,41.2982,0.255768,0.0147301,2.30514,0
3,7,7,16.1195,4.6893,0.889346,31.3261,0.251273,0.0221179,2.13861,0
4,7,7,17.0238,1.8799,0.934316,19.9213,0.247586,0.0279319,2.02497,0
5,7,7,17.0311,0.0153199,0.86615,9.27956,0.249742,0.0214857,2.06143,0
6,7,7,17.1041,-1.17656,0.553965,1.21379,0.244956,0.0441251,1.94025,0
7,7,7,16.7787,-2.54026,0.144727,-6.30362,0.243992,0.0386508,1.90409,0
8,7,7,15.4846,-3.16215,-0.175159,-12.1478,0.250465,0.0209204,2.0129,0
9,7,7,13.7754,-2.85438,-0.414166,-14.2773,0.251092,0.0279885,1.98873,0
10,7,7,12.6023,-2.27139,-0.581309,-14.4644,0.248949,0.0375991,1.91531,0
11,7,7,11.8278,-1.75025,-0.577981,-13.6436,0.245225,0.0529956,1.83397,0
12,7,7,11.1377,-1.06924,-0.370094,-11.0991,0.241103,0.1207,1.7819,0
13,7,7,11.014,-0.895823,-0.256577,-9.83826,0.239416,0.13506,1.77267,0
14,7,7,10.9455,-0.840311,-0.172463,-8.62538,0.238796,0.134973,1.76921,0
15,7,7,10.8252,-0.662377,-0.114651,-7.39883,0.238114,0.1348,1.76642,0
16,7,7,10.8241,-0.874643,-0.143451,-6.27836,0.237742,0.13474,1.76444,0
17,7,7,10.7519,-0.718643,-0.128689,-5.22528,0.237626,0.134735,1.76366,0
18,7,7,10.7142,-0.599081,-0.121748,-4.28982,0.237636,0.134718,1.76395,0
19,7,7,10.6648,-0.592484,-0.151012,-3.49756,0.237486,0.134703,1.76304,0
20,7,7,10.626,-0.573595,-0.146378,-2.83651,0.237413,0.134698,1.76256,0
21,7,7,10.5692,-0.553637,-0.137777,-2.25229,0.237381,0.134698,1.76231,0
22,7,7,10.5105,-0.535015,-0.123682,-1.72495,0.237365,0.1347,1.76217,0
23,7,7,10.4496,-0.516441,-0.110109,-1.23352,0.237363,0.134704,1.7621,0
0,8,7,10.0513,0.967038,0.163386,40.2464,0.244524,0.0350497,1.8773,0
1,8,7,11.3394,4.8962,0.92486,38.8557,0.255188,0.0212474,2.08387,0
2,8,7,13.0308,4.46934,0.979852,34.9597,0.257744,0.0206234,2.14678,0
3,8,7,14.5359,3.28774,1.05828,28.3876,0.257798,0.0210963,2.13199,0
4,8,7,15.4341,1.92059,1.1151,20.4051,0.254498,0.0250505,2.06403,0
5,8,7,15.8872,0.642475,1.08378,12.4027,0.251518,0.0295808,2.00379,0
6,8,7,16.085,-0.230889,0.713174,5.17735,0.24993,0.0321814,1.9652,0
7,8,7,15.7707,-1.12037,0.265443,-1.3543,0.250591,0.0295018,1.95794,0
8,8,7,15.0244,-1.94151,-0.118213,-6.55625,0.250249,0.0322033,1.93845,0
9,8,7,13.9688,-2.0458,-0.428189,-9.67161,0.249729,0.0364241,1.91383,0
10,8,7,12.9658,-1.8164,-0.690257,-11.0994,0.248752,0.0425107,1.8833,0
11,8,7,12.1581,-1.54279,-0.705125,-11.2871,0.24697,0.0551045,1.84604,0
12,8,7,11.6151,-1.29484,-0.593207,-10.7758,0.243623,0.0768099,1.79947,0
13,8,7,11.1034,-0.93963,-0.322731,-9.03816,0.240353,0.135298,1.77648,0
14,8,7,10.9777,-0.84809,-0.212401,-8.10056,0.239237,0.135081,1.77106,0
15,8,7,10.8745,-0.726072,-0.137282,-7.14948,0.238316,0.13485,1.76727,0
16,8,7,10.8504,-0.72615,-0.11695,-6.25588,0.237946,0.134794,1.76526,0
17,8,7,10.7551,-0.616006,-0.0951329,-5.3344,0.237773,0.134775,1.76422,0
18,8,7,10.7023,-0.534077,-0.091837,-4.48655,0.237661,0.134728,1.764,0
19,8,7,10.6783,-0.543876,-0.138726,-3.71042,0.237523,0.134714,1.76317,0
20,8,7,10.6274,-0.519021,-0.135037,-3.0131,0.237437,0.134704,1.76265,0
21,8,7,10.5759,-0.500893,-0.12602,-2.38864,0.237385,0.134699,1.76233,0
22,8,7,10.5216,-0.485839,-0.114491,-1.82192,0.237347,0.134696,1.7621,0
23,8,7,10.4655,-0.466596,-0.102855,-1.29519,0.237324,0.134697,1.7619,0
0,9,7,10.0456,0.681232,0.18696,34.6482,0.24199,0.0483875,1.82515,0
1,9,7,11.0617,3.59878,1.08972,33.5599,0.251705,0.0278732,1.95128,0
2,9,7,12.345,3.29521,1.15858,30.6747,0.254032,0.0285574,1.98734,0
3,9,7,13.5301,2.60688,1.23793,25.9745,0.253706,0.0300419,1.98038,0
4,9,7,14.4048,1.73405,1.29081,20.0696,0.251932,0.0330977,1.95117,0
5,9,7,14.9863,0.879707,1.23568,13.714,0.250584,0.0351982,1.92648,0
6,9,7,15.3043,0.125372,0.873953,7.47773,0.249521,0.0379191,1.90611,0
7,9,7,15.1261,-0.555542,0.410347,1.72552,0.248342,0.0408801,1.88469,0
8,9,7,14.6853,-1.14019,-0.0376065,-3.07678,0.248246,0.0411731,1.87579,0
9,9,7,13.927,-1.3812,-0.396888,-6.44351,0.248471,0.0424675,1.86946,0
10,9,7,13.0912,-1.38551,-0.701214,-8.43714,0.247325,0.0477102,1.84669,0
11,9,7,12.3347,-1.30173,-0.726773,-9.21889,0.245176,0.0592152,1.81444,0
12,9,7,11.7863,-1.17116,-0.608966,-9.20679,0.24369,0.0800856,1.79599,0
13,9,7,11.2305,-0.906419,-0.333678,-8.15923,0.240371,0.135324,1.77627,0
14,9,7,11.0838,-0.813404,-0.223382,-7.44218,0.23934,0.135109,1.77147,0
15,9,7,10.9692,-0.73747,-0.150574,-6.69957,0.238369,0.134861,1.76752,0
16,9,7,10.9402,-0.763081,-0.120299,-5.96092,0.23788,0.134778,1.76498,0
17,9,7,10.8375,-0.661308,-0.091588,-5.1793,0.237769,0.134777,1.76417,0
18,9,7,10.7677,-0.582481,-0.078654,-4.44271,0.23767,0.134731,1.76403,0
19,9,7,10.7723,-0.659003,-0.140295,-3.72696,0.237517,0.13471,1.76318,0
20,9,7,10.6918,-0.606895,-0.130665,-3.03184,0.237501,0.134718,1.76295,0
21,9,7,10.6286,-0.568704,-0.116633,-2.39837,0.237447,0.134713,1.76262,0
22,9,7,10.5707,-0.537363,-0.101071,-1.81953,0.237406,0.134709,1.76236,0
23,9,7,10.5158,-0.504491,-0.0890252,-1.28439,0.237375,0.134709,1.76213,0
0,10,7,10.0311,0.477757,0.21174,30.6747,0.240716,0.0656134,1.79923,0
1,10,7,10.8473,2.68405,1.2803,29.8086,0.248754,0.0343138,1.88147,0
2,10,7,11.9033,2.48685,1.35213,27.5925,0.250629,0.0363355,1.9018,0
3,10,7,12.912,2.1035,1.40467,23.9485,0.250506,0.0387303,1.89706,0
4,10,7,13.7183,1.60582,1.39573,19.2322,0.249617,0.0418128,1.88239,0
5,10,7,14.3028,1.05393,1.28354,13.9427,0.249609,0.0412364,1.87619,0
6,10,7,14.6589,0.480438,0.938057,8.53475,0.249594,0.0416607,1.87144,0
7,10,7,14.618,-0.0614712,0.50266,3.46853,0.248459,0.0457007,1.86047,0
8,10,7,14.3445,-0.547839,0.0210192,-0.906144,0.248125,0.047066,1.85496,0
9,10,7,13.7518,-0.857277,-0.361875,-4.20435,0.248289,0.0473322,1.85136,0
10,10,7,13.0456,-1.02329,-0.64851,-6.35388,0.24717,0.0536218,1.83397,0
11,10,7,12.384,-1.07507,-0.66779,-7.42774,0.244754,0.0662444,1.80554,0
12,10,7,11.8842,-1.03364,-0.55665,-7.74409,0.243403,0.0881976,1.7911,0
13,10,7,11.347,-0.84891,-0.307825,-7.25783,0.240203,0.135308,1.77524,0
14,10,7,11.1817,-0.755902,-0.220083,-6.75525,0.238976,0.134949,1.77086,0
15,10,7,11.088,-0.730122,-0.152378,-6.18751,0.238479,0.134894,1.7679,0
16,10,7,10.9652,-0.663033,-0.107902,-5.5777,0.238218,0.134869,1.7663,0
17,10,7,10.866,-0.588755,-0.0784595,-4.92518,0.237978,0.134825,1.7651,0
18,10,7,10.7891,-0.531449,-0.0627693,-4.27832,0.237713,0.134753,1.76406,0
19,10,7,10.778,-0.59568,-0.0900769,-3.63541,0.237575,0.13473,1.76334,0
20,10,7,10.6802,-0.546992,-0.0777696,-2.96919,0.237546,0.134733,1.76309,0
21,10,7,10.6128,-0.515469,-0.0604041,-2.34546,0.237474,0.134723,1.76268,0
22,10,7,10.5588,-0.492912,-0.0436027,-1.76812,0.237415,0.134715,1.76235,0
23,10,7,10.515,-0.466526,-0.0319595,-1.23856,0.237393,0.134717,1.76215,0
0,11,7,10.0151,0.338444,0.234677,27.7682,0.24013,0.0834825,1.78753,0
1,11,7,10.7154,2.07282,1.49027,27.0583,0.247428,0.0389311,1.8508,0
2,11,7,11.6535,1.96119,1.57404,25.2396,0.249149,0.0410989,1.86978,0
3,11,7,12.573,1.7887,1.54293,22.1374,0.249701,0.0436033,1.86993,0
4,11,7,13.2967,1.54644,1.39103,18.0493,0.248653,0.0489973,1.85547,0
5,11,7,13.8152,1.1965,1.17464,13.4318,0.248793,0.048293,1.85004,0
6,11,7,14.1413,0.778131,0.852598,8.69525,0.248927,0.0474958,1.84985,0
7,11,7,14.2238,0.340414,0.412217,4.21819,0.247968,0.0489719,1.84284,0
8,11,7,13.9899,-0.072385,-0.0531784,0.312588,0.248169,0.050239,1.84434,0
9,11,7,13.471,-0.41026,-0.367467,-2.69742,0.247977,0.0535309,1.83787,0
10,11,7,12.8794,-0.707599,-0.553509,-4.73003,0.246855,0.0638048,1.82299,0
11,11,7,12.3454,-0.853934,-0.539819,-5.88508,0.245101,0.0807029,1.80462,0
12,11,7,11.9372,-0.877907,-0.443023,-6.39997,0.242064,0.105994,1.78394,0
13,11,7,11.4548,-0.758746,-0.244391,-6.36872,0.239746,0.135197,1.77331,0
14,11,7,11.2906,-0.682252,-0.179602,-6.06785,0.23909,0.134981,1.77129,0
15,11,7,11.1708,-0.631391,-0.1459,-5.66431,0.238674,0.134945,1.76868,0
16,11,7,11.0383,-0.57626,-0.113382,-5.17055,0.238397,0.13491,1.76709,0
17,11,7,10.9356,-0.52276,-0.0892317,-4.6162,0.23808,0.134831,1.76577,0
18,11,7,10.8841,-0.533128,-0.0842832,-4.05501,0.238108,0.134756,1.76696,0
19,11,7,10.8172,-0.567836,-0.102214,-3.46222,0.237836,0.134751,1.76501,0
20,11,7,10.7015,-0.521303,-0.0773806,-2.8356,0.237721,0.134757,1.76407,0
21,11,7,10.6195,-0.493791,-0.0437051,-2.22869,0.237586,0.134743,1.76326,0
22,11,7,10.5615,-0.477826,-0.0118131,-1.66136,0.237518,0.134739,1.76281,0
23,11,7,10.5257,-0.457807,0.00980101,-1.14842,0.237488,0.134743,1.76253,0
0,12,7,9.99753,0.256028,0.250322,25.495,0.240023,0.0961944,1.78311,0
1,12,7,10.6461,1.72077,1.70125,24.8845,0.247916,0.0394611,1.84763,0
2,12,7,11.547,1.67569,1.84088,23.272,0.249301,0.0414512,1.86278,0
3,12,7,12.4355,1.64447,1.69318,20.392,0.247418,0.0491959,1.84957,0
4,12,7,13.0646,1.58627,1.24516,16.5959,0.246627,0.055356,1.83597,0
5,12,7,13.5036,1.34066,0.923828,12.4449,0.245664,0.0629799,1.82349,0
6,12,7,13.8039,1.01536,0.5572,8.25902,0.245632,0.059085,1.82188,0
7,12,7,13.8931,0.622022,0.0291209,4.2909,0.245221,0.0592884,1.82145,0
8,12,7,13.659,0.279238,-0.382981,0.847386,0.244994,0.063952,1.8172,0
9,12,7,13.1623,-0.11676,-0.547418,-1.79285,0.2457,0.0618782,1.81652,0
10,12,7,12.6669,-0.458566,-0.490601,-3.50473,0.244449,0.0859595,1.80232,0
11,12,7,12.2993,-0.64261,-0.405629,-4.59645,0.242175,0.114633,1.78582,0
12,12,7,12.0102,-0.706478,-0.318441,-5.21995,0.240448,0.135323,1.77685,0
13,12,7,11.8624,-0.526138,-0.154888,-4.81466,0.239293,0.135084,1.77143,0
14,12,7,11.4619,-0.607791,-0.153515,-5.43097,0.239268,0.135037,1.77187,0
15,12,7,11.337,-0.576929,-0.132064,-5.18828,0.239023,0.135038,1.77003,0
16,12,7,11.1787,-0.514197,-0.104658,-4.82005,0.238731,0.134958,1.76893,0
17,12,7,11.0984,-0.557008,-0.155375,-4.35752,0.238291,0.134886,1.76661,0
18,12,7,10.9668,-0.505109,-0.127649,-3.85349,0.23826,0.134852,1.76683,0
19,12,7,10.8385,-0.528329,-0.110465,-3.29617,0.238119,0.134852,1.76578,0
20,12,7,10.712,-0.483411,-0.0776108,-2.70179,0.238006,0.134845,1.76504,0
21,12,7,10.6142,-0.460544,-0.022911,-2.10384,0.237904,0.134833,1.76443,0
22,12,7,10.5527,-0.453324,0.0374101,-1.53584,0.237858,0.134834,1.76409,0
23,12,7,10.5325,-0.441085,0.0791787,-1.03614,0.237891,0.134838,1.76427,0
0,13,7,9.97716,0.218051,0.246967,23.4941,0.240003,0.104613,1.78098,0
1,13,7,10.6558,1.55139,1.86939,22.964,0.248601,0.0409599,1.8406,0
2,13,7,11.5352,1.59421,1.90816,21.4257,0.242774,0.134681,1.80258,0
3,13,7,11.638,1.05377,0.527784,17.1182,0.240702,0.0851265,1.79026,0
4,13,7,12.1708,1.11709,0.541275,13.3937,0.242677,0.06184,1.80686,0
5,13,7,12.4599,1.04307,0.335992,9.6443,0.24242,0.0627186,1.79656,0
6,13,7,12.7405,0.864472,0.127048,6.09849,0.242193,0.0616301,1.79668,0
7,13,7,12.8355,0.667859,0.100149,4.31783,0.241818,0.0642568,1.79697,0
8,13,7,13.515,0.382651,-0.794177,0.924784,0.242144,0.0837254,1.79786,0
9,13,7,12.7103,-0.117372,-0.619122,-0.428483,0.243984,0.0742743,1.79451,0
10,13,7,12.4574,-0.288975,-0.364665,-1.65513,0.241858,0.122067,1.78357,0
11,13,7,12.3147,-0.403287,-0.226013,-2.60365,0.239817,0.135149,1.77447,0
12,13,7,12.2475,-0.535398,-0.238918,-4.20994,0.239304,0.135027,1.77227,0
13,13,7,11.8486,-0.428862,-0.113292,-4.16995,0.238842,0.134998,1.76923,0
14,13,7,11.706,-0.397073,-0.146894,-4.3607,0.238975,0.134957,1.77075,0
15,13,7,11.5529,-0.386869,-0.201354,-4.3609,0.238677,0.134944,1.76871,0
16,13,7,11.3287,-0.389253,-0.112339,-4.48409,0.23885,0.135017,1.76903,0
17,13,7,11.1837,-0.39158,-0.156871,-4.12699,0.238588,0.134975,1.76764,0
18,13,7,11.0478,-0.293187,-0.157407,-3.51349,0.238477,0.13491,1.76768,0
19,13,7,10.8779,-0.280629,-0.110839,-3.02808,0.238377,0.134924,1.76676,0
20,13,7,10.7264,-0.247556,-0.0514412,-2.47504,0.238347,0.134941,1.7663,0
21,13,7,10.5976,-0.227462,0.0441282,-1.88115,0.238427,0.134978,1.76642,0
22,13,7,10.5414,-0.212954,0.203251,-1.30442,0.238818,0.135063,1.76819,0
23,13,7,10.5412,-0.201755,0.284631,-0.799906,0.238329,0.134926,1.76637,0
0,14,7,9.98031,0.194593,0.210367,19.8599,0.239516,0.118773,1.77822,0
1,14,7,10.6178,1.27734,1.59105,19.3421,0.247541,0.0443765,1.83325,0
2,14,7,11.4642,1.29289,1.46063,17.7985,0.250163,0.0431162,1.85187,0
3,14,7,11.2779,1.12477,1.1296,17.3068,0.24254,0.0469847,1.81283,0
4,14,7,11.8468,1.00982,0.721615,13.6507,0.242999,0.0549457,1.81311,0
5,14,7,11.867,0.862311,0.464765,10.4218,0.24075,0.102003,1.78188,0
6,14,7,12.1455,0.753387,0.340828,7.45496,0.240047,0.135003,1.77808,0
7,14,7,12.3151,0.237068,-0.196513,3.54533,0.240899,0.0689286,1.78505,0
8,14,7,12.5976,-0.0428158,-0.533713,1.96951,0.241576,0.0849568,1.78273,0
9,14,7,12.3195,-0.225155,-0.445878,0.31256,0.243124,0.0855255,1.78939,0
10,14,7,12.0841,-0.338179,-0.266948,-0.845118,0.241182,0.129866,1.7803,0
11,14,7,11.9776,-0.399804,-0.146928,-1.78628,0.239838,0.135212,1.77379,0
12,14,7,11.8858,-0.418632,-0.0951496,-2.56893,0.238931,0.134998,1.76988,0
13,14,7,11.6799,-0.37142,-0.106193,-3.63759,0.23846,0.134884,1.76789,0
14,14,7,11.5709,-0.339588,-0.142559,-3.93984,0.238612,0.13487,1.7692,0
15,14,7,11.4454,-0.310598,-0.183168,-4.07352,0.238644,0.134882,1.76928,0
16,14,7,11.3476,-0.312408,-0.243364,-4.00788,0.238402,0.134818,1.76832,0
17,14,7,11.2378,-0.292796,-0.222612,-3.79254,0.238265,0.134854,1.76684,0
18,14,7,11.0655,-0.230445,-0.203478,-3.44609,0.238302,0.134904,1.76645,0
19,14,7,10.9001,-0.174586,-0.154376,-3.00563,0.238433,0.134962,1.76667,0
20,14,7,10.7391,-0.127925,-0.0795815,-2.47544,0.238511,0.134998,1.76678,0
21,14,7,10.6031,-0.0882944,0.0248736,-1.89058,0.238754,0.135062,1.76773,0
22,14,7,10.5272,-0.068977,0.19252,-1.31676,0.239228,0.135168,1.76985,0
23,14,7,10.5273,-0.0528359,0.266861,-0.811505,0.238624,0.135,1.76759,0
0,15,7,10.003,0.168852,0.211893,18.3964,0.239294,0.124307,1.77748,0
1,15,7,10.5828,1.04535,1.42516,17.883,0.245457,0.0502268,1.81836,0
2,15,7,11.3298,1.03446,1.24709,16.4438,0.248254,0.0501891,1.83777,0
3,15,7,11.924,0.880233,0.859217,14.1802,0.248267,0.0564073,1.83309,0
4,15,7,12.2493,0.713536,0.484644,11.5762,0.245857,0.077242,1.81408,0
5,15,7,12.4298,0.560051,0.191151,8.96476,0.24409,0.0940004,1.79974,0
6,15,7,12.5037,0.396578,-0.0249797,6.52865,0.242955,0.10358,1.79097,0
7,15,7,12.4611,0.202496,-0.184445,4.3351,0.242616,0.0997071,1.78762,0
8,15,7,12.3216,-0.0120021,-0.288156,2.45039,0.242357,0.101732,1.78559,0
9,15,7,12.1147,-0.190917,-0.244916,0.975661,0.240927,0.124064,1.77933,0
10,15,7,11.9597,-0.277967,-0.123276,-0.159566,0.239974,0.135252,1.77428,0
11,15,7,11.8804,-0.32046,-0.045656,-1.11975,0.239066,0.135064,1.77002,0
12,15,7,11.8193,-0.333627,-0.0313043,-1.95619,0.238495,0.134922,1.76766,0
13,15,7,11.6412,-0.3074,-0.106265,-3.18616,0.238234,0.134831,1.76691,0
14,15,7,11.5253,-0.287697,-0.156035,-3.55909,0.238149,0.134843,1.76612,0
15,15,7,11.3892,-0.261514,-0.184651,-3.76423,0.238085,0.134846,1.7656,0
16,15,7,11.2429,-0.21112,-0.190108,-3.80866,0.238218,0.134864,1.76636,0
17,15,7,11.0983,-0.152289,-0.194213,-3.69165,0.238155,0.134875,1.76575,0
18,15,7,10.9443,-0.0866876,-0.185115,-3.42455,0.238189,0.134905,1.76561,0
19,15,7,10.7943,-0.0309757,-0.152494,-3.03197,0.238206,0.134925,1.76547,0
20,15,7,10.6543,0.0184932,-0.0903214,-2.53947,0.238263,0.13495,1.76556,0
21,15,7,10.5336,0.0664825,-0.0011643,-1.98877,0.238413,0.134982,1.76626,0
22,15,7,10.4822,0.091308,0.0928596,-1.42757,0.238655,0.135038,1.76732,0
23,15,7,10.4763,0.103134,0.158096,-0.924376,0.238892,0.135081,1.76851,0
0,16,7,10.0277,0.145311,0.232052,17.2992,0.239122,0.121562,1.7777,0
1,16,7,10.5743,0.817615,1.34287,16.7573,0.243636,0.0563072,1.80873,0
2,16,7,11.2401,0.811074,1.13097,15.4006,0.245723,0.0584691,1.81912,0
3,16,7,11.757,0.720057,0.805563,13.3809,0.245661,0.0690094,1.81356,0
4,16,7,12.0718,0.585619,0.490525,11.0613,0.244465,0.0868866,1.8017,0
5,16,7,12.2473,0.443918,0.231383,8.71288,0.243044,0.108033,1.79094,0
6,16,7,12.313,0.30866,0.0301133,6.50243,0.241622,0.13354,1.78266,0
7,16,7,12.2685,0.170016,-0.103461,4.52067,0.240564,0.135365,1.77716,0
8,16,7,12.1465,0.0228292,-0.163058,2.82865,0.239922,0.135256,1.77383,0
9,16,7,11.9924,-0.100666,-0.111154,1.47559,0.239463,0.135177,1.77148,0
10,16,7,11.8843,-0.175686,-0.0124776,0.373952,0.238973,0.135072,1.76922,0
11,16,7,11.8332,-0.213927,0.0336884,-0.597164,0.23853,0.134968,1.76731,0
12,16,7,11.7879,-0.228412,0.018258,-1.47119,0.238284,0.134892,1.76649,0
13,16,7,11.6308,-0.243633,-0.10228,-2.80387,0.23824,0.134836,1.76689,0
14,16,7,11.5202,-0.245916,-0.158238,-3.22208,0.238144,0.134845,1.76607,0
15,16,7,11.401,-0.232228,-0.196199,-3.48592,0.238096,0.134847,1.76567,0
16,16,7,11.2751,-0.192368,-0.220346,-3.60908,0.238211,0.134863,1.76632,0
17,16,7,11.1412,-0.125996,-0.240855,-3.58769,0.238271,0.134906,1.7662,0
18,16,7,10.991,-0.0463022,-0.251219,-3.41213,0.238391,0.134956,1.76644,0
19,16,7,10.8346,0.0276515,-0.235969,-3.08885,0.238538,0.135009,1.76683,0
20,16,7,10.6837,0.0864682,-0.189139,-2.6411,0.238604,0.135036,1.76697,0
21,16,7,10.5571,0.130218,-0.11237,-2.1201,0.238625,0.135035,1.76713,0
22,16,7,10.4877,0.157283,-0.0335286,-1.57518,0.23849,0.13501,1.76647,0
23,16,7,10.4578,0.166476,0.0245054,-1.06497,0.238306,0.134961,1.76574,0
0,17,7,10.0422,0.126323,0.261893,16.462,0.239152,0.1127,1.77939,0
1,17,7,10.5592,0.644027,1.33752,15.9073,0.242868,0.0588792,1.80707,0
2,17,7,11.1769,0.637415,1.09422,14.607,0.244657,0.0621138,1.81485,0
3,17,7,11.64,0.578956,0.77601,12.7529,0.244438,0.0755972,1.80714,0
4,17,7,11.9296,0.47386,0.492723,10.6536,0.243464,0.0956691,1.79596,0
5,17,7,12.1063,0.357741,0.262904,8.52566,0.242201,0.118066,1.78645,0
6,17,7,12.1759,0.254528,0.0677745,6.49195,0.240841,0.135397,1.77877,0
7,17,7,12.1365,0.163802,-0.0576632,4.6562,0.239729,0.135193,1.77324,0
8,17,7,12.029,0.0734099,-0.104475,3.08703,0.239046,0.135056,1.76998,0
9,17,7,11.9044,-0.00554542,-0.0504949,1.8144,0.238581,0.134964,1.76774,0
10,17,7,11.8147,-0.0599895,0.0446706,0.746104,0.238407,0.134934,1.76684,0
11,17,7,11.7859,-0.0966398,0.0758793,-0.214795,0.238246,0.134901,1.76608,0
12,17,7,11.7511,-0.127227,0.0433088,-1.09769,0.238166,0.134867,1.76593,0
13,17,7,11.604,-0.181744,-0.0815879,-2.46337,0.238189,0.134829,1.7666,0
14,17,7,11.504,-0.206776,-0.109448,-2.89131,0.238022,0.134809,1.76563,0
15,17,7,11.4185,-0.213041,-0.145384,-3.20174,0.238134,0.134795,1.76663,0
16,17,7,11.3321,-0.179212,-0.198201,-3.41844,0.23854,0.134834,1.76914,0
17,17,7,11.2296,-0.108349,-0.265556,-3.51298,0.238547,0.134902,1.7683,0
18,17,7,11.0839,-0.0204298,-0.321645,-3.44812,0.238869,0.135018,1.76917,0
19,17,7,10.9127,0.0661289,-0.344936,-3.20529,0.239122,0.135103,1.76992,0
20,17,7,10.7415,0.121391,-0.319729,-2.80316,0.239116,0.135132,1.76951,0
21,17,7,10.5942,0.153901,-0.246985,-2.29875,0.23896,0.135093,1.76886,0
22,17,7,10.514,0.16305,-0.174784,-1.75188,0.238615,0.135023,1.76722,0
23,17,7,10.4635,0.163331,-0.111083,-1.21268,0.238249,0.134942,1.76556,0
0,18,7,10.0462,0.116504,0.27835,15.8168,0.239194,0.107863,1.78047,0
1,18,7,10.5441,0.563869,1.35276,15.2601,0.242506,0.0592875,1.80807,0
2,18,7,11.1167,0.549045,1.09255,14.0204,0.244016,0.0634407,1.81423,0
3,18,7,11.5355,0.482605,0.769794,12.2929,0.243589,0.0807926,1.80462,0
4,18,7,11.8034,0.376445,0.519391,10.3792,0.242495,0.102084,1.79217,0
5,18,7,11.9943,0.274296,0.31834,8.42237,0.241689,0.119036,1.78447,0
6,18,7,12.0846,0.200593,0.111723,6.50638,0.240598,0.135337,1.77777,0
7,18,7,12.054,0.152717,-0.0299528,4.74981,0.239396,0.135146,1.77139,0
8,18,7,11.9583,0.113748,-0.0853046,3.24393,0.238596,0.134862,1.76918,0
9,18,7,11.8491,0.0782833,-0.0423529,2.00765,0.238193,0.13483,1.76662,0
10,18,7,11.7597,0.0546625,0.0375783,0.965275,0.238136,0.134847,1.76597,0
11,18,7,11.7337,0.0200012,0.0697136,0.0260177,0.238144,0.134868,1.76576,0
12,18,7,11.7062,-0.0226363,0.0400525,-0.835475,0.238068,0.134857,1.76534,0
13,18,7,11.5623,-0.105662,-0.0575146,-2.17043,0.237941,0.134824,1.76482,0
14,18,7,11.4704,-0.140504,-0.0510957,-2.58883,0.237775,0.134775,1.76424,0
15,18,7,11.4162,-0.164258,-0.0603625,-2.91811,0.237804,0.134775,1.76445,0
16,18,7,11.3721,-0.146369,-0.128298,-3.21337,0.238148,0.13482,1.76642,0
17,18,7,11.2969,-0.0806673,-0.247926,-3.43064,0.23853,0.134937,1.76771,0
18,18,7,11.1572,-0.00637588,-0.365589,-3.48277,0.239204,0.135118,1.77033,0
19,18,7,10.9724,0.0625691,-0.446871,-3.33398,0.240151,0.120274,1.77424,0
20,18,7,10.766,0.112302,-0.427759,-2.96433,0.239985,0.135334,1.77328,0
21,18,7,10.6043,0.12984,-0.351406,-2.46508,0.239406,0.135195,1.77082,0
22,18,7,10.5059,0.136265,-0.261526,-1.90233,0.238722,0.135044,1.76773,0
23,18,7,10.4442,0.132857,-0.188598,-1.33828,0.23819,0.134923,1.76538,0
0,19,7,10.0475,0.117154,0.277586,15.2234,0.239168,0.107702,1.78039,0
1,19,7,10.52,0.551378,1.32732,14.6722,0.242463,0.0611128,1.80762,0
2,19,7,11.0276,0.520298,1.08359,13.529,0.243682,0.0669845,1.81164,0
3,19,7,11.4111,0.42944,0.801669,11.9621,0.243137,0.0867632,1.80169,0
4,19,7,11.6749,0.312301,0.601875,10.2311,0.242355,0.103115,1.79132,0
5,19,7,11.894,0.207813,0.430741,8.40978,0.242181,0.105725,1.78685,0
6,19,7,12.0295,0.154272,0.199162,6.56006,0.241128,0.132905,1.78047,0
7,19,7,12.017,0.138545,0.00794079,4.82734,0.239866,0.135231,1.77375,0
8,19,7,11.9318,0.129894,-0.0871978,3.32181,0.238941,0.134931,1.77084,0
9,19,7,11.83,0.130341,-0.0872623,2.07802,0.238408,0.134862,1.76779,0
10,19,7,11.7344,0.143564,-0.0531106,1.02973,0.238227,0.13486,1.76648,0
11,19,7,11.68,0.107238,-0.00828866,0.128101,0.238108,0.134854,1.76568,0
12,19,7,11.6493,0.0618613,-0.0105392,-0.689133,0.237966,0.134829,1.76494,0
13,19,7,11.5187,-0.0282508,-0.0650313,-1.95764,0.237774,0.134788,1.76406,0
14,19,7,11.4342,-0.056846,-0.0395039,-2.36631,0.23767,0.134763,1.76361,0
15,19,7,11.3933,-0.0838409,-0.00331753,-2.69428,0.237782,0.134783,1.76418,0
16,19,7,11.3905,-0.0861746,-0.064778,-3.03013,0.238217,0.134845,1.76659,0
17,19,7,11.348,-0.0613801,-0.225878,-3.3374,0.238787,0.135004,1.76874,0
18,19,7,11.2106,-0.0139174,-0.396187,-3.4861,0.239777,0.126372,1.77271,0
19,19,7,11.019,0.0258647,-0.507688,-3.40583,0.240731,0.10902,1.77701,0
20,19,7,10.792,0.0561516,-0.528562,-3.0822,0.240625,0.128212,1.77614,0
21,19,7,10.6006,0.0706797,-0.425935,-2.57911,0.239897,0.135308,1.77297,0
22,19,7,10.4958,0.0784744,-0.322778,-2.00581,0.239021,0.135114,1.76904,0
23,19,7,10.426,0.0790899,-0.241609,-1.4212,0.238306,0.13495,1.76588,0
0,20,7,10.0462,0.121171,0.26355,14.5986,0.2392,0.11124,1.7798,0
1,20,7,10.4722,0.593199,1.23303,14.0865,0.242137,0.0644653,1.80203,0
2,20,7,10.9155,0.538736,1.03641,13.0745,0.243027,0.0733909,1.80367,0
3,20,7,11.2619,0.429944,0.829803,11.7054,0.24239,0.0962852,1.79434,0
4,20,7,11.5285,0.315114,0.716874,10.1615,0.242269,0.102731,1.78875,0
5,20,7,11.7891,0.21306,0.644434,8.46671,0.242766,0.0939695,1.78861,0
6,20,7,11.9897,0.168933,0.299152,6.64044,0.240617,0.135307,1.77831,0
7,20,7,11.9902,0.167177,0.0057783,4.89185,0.239123,0.135006,1.7712,0
8,20,7,11.9123,0.150814,-0.136695,3.37252,0.238222,0.134741,1.768,0
9,20,7,11.8354,0.143419,-0.176392,2.0913,0.238062,0.134763,1.76653,0
10,20,7,11.7243,0.166029,-0.151024,1.00266,0.238397,0.134883,1.76743,0
11,20,7,11.6293,0.13258,-0.0919884,0.148997,0.238115,0.134844,1.76586,0
12,20,7,11.5916,0.0936522,-0.0633086,-0.607667,0.237867,0.134797,1.76464,0
13,20,7,11.4901,0.0216769,-0.0806348,-1.81189,0.237667,0.134762,1.76361,0
14,20,7,11.4126,0.00748141,-0.056453,-2.22511,0.237565,0.13474,1.76314,0
15,20,7,11.3747,-0.00677669,-0.00217644,-2.55184,0.23769,0.134771,1.76367,0
16,20,7,11.3904,-0.0157999,-0.0516775,-2.90178,0.23837,0.134896,1.76706,0
17,20,7,11.3622,-0.025028,-0.217303,-3.24339,0.238947,0.135047,1.76936,0
18,20,7,11.2332,-0.0274246,-0.40452,-3.44145,0.240115,0.116305,1.77417,0
19,20,7,11.032,-0.0222171,-0.520365,-3.39683,0.240917,0.110597,1.77743,0
20,20,7,10.8048,-0.0197844,-0.537435,-3.09919,0.240578,0.133937,1.77568,0
21,20,7,10.6104,-0.00405921,-0.445474,-2.61849,0.239939,0.135329,1.77301,0
22,20,7,10.4945,0.0127944,-0.348163,-2.05282,0.239048,0.135127,1.76907,0
23,20,7,10.4176,0.0230755,-0.268421,-1.46794,0.238358,0.134968,1.76604,0
0,21,7,10.0358,0.120838,0.209245,13.8427,0.239081,0.134592,1.77634,0
1,21,7,10.398,0.627831,1.02676,13.4164,0.241577,0.0743522,1.79133,0
2,21,7,10.7827,0.565696,0.913769,12.5727,0.2423,0.0854909,1.79226,0
3,21,7,11.1006,0.45733,0.799675,11.4141,0.241966,0.105548,1.7866,0
4,21,7,11.3774,0.358482,0.760261,10.0518,0.242333,0.0996801,1.78575,0
5,21,7,11.685,0.27282,0.720918,8.47992,0.243687,0.0822657,1.79104,0
6,21,7,11.9503,0.204544,0.366364,6.65037,0.241206,0.135495,1.78018,0
7,21,7,11.9655,0.158356,-0.0280862,4.87346,0.241161,0.113922,1.77952,0
8,21,7,11.8719,0.132258,-0.147713,3.37113,0.240245,0.135232,1.77654,0
9,21,7,11.8063,0.127838,-0.246664,2.11905,0.238815,0.134937,1.76982,0
10,21,7,11.6907,0.126434,-0.252404,1.01054,0.239021,0.13503,1.77013,0
11,21,7,11.5702,0.11093,-0.164694,0.187393,0.238383,0.134904,1.76706,0
12,21,7,11.5316,0.0877268,-0.113122,-0.527518,0.237914,0.134804,1.76489,0
13,21,7,11.4591,0.0481152,-0.108533,-1.70376,0.237566,0.134732,1.76325,0
14,21,7,11.395,0.043773,-0.0997176,-2.13371,0.23749,0.134719,1.76286,0
15,21,7,11.3621,0.0453072,-0.0695407,-2.48018,0.237583,0.13475,1.76315,0
16,21,7,11.3604,0.0298316,-0.10358,-2.82153,0.238025,0.13482,1.7655,0
17,21,7,11.3261,-0.00474654,-0.238335,-3.14498,0.238499,0.134945,1.76738,0
18,21,7,11.2101,-0.04712,-0.395913,-3.33361,0.239362,0.135167,1.77086,0
19,21,7,11.0185,-0.0753321,-0.500099,-3.30704,0.239986,0.128322,1.77326,0
20,21,7,10.8038,-0.0822728,-0.488347,-3.02718,0.239885,0.135335,1.77252,0
21,21,7,10.6277,-0.0641149,-0.412044,-2.57955,0.239382,0.135199,1.77058,0
22,21,7,10.5129,-0.0407416,-0.333035,-2.04479,0.238719,0.13505,1.76763,0
23,21,7,10.4272,-0.0236652,-0.262134,-1.47326,0.238179,0.134927,1.76524,0
0,22,7,10.0188,0.094122,0.143437,13.1222,0.238789,0.134727,1.77239,0
1,22,7,10.3319,0.565162,0.801067,12.7701,0.240846,0.089421,1.78174,0
2,22,7,10.668,0.518353,0.751869,12.0724,0.24141,0.102708,1.78225,0
3,22,7,10.9714,0.441077,0.701393,11.0808,0.241244,0.11655,1.77989,0
4,22,7,11.2578,0.374593,0.69637,9.85609,0.241741,0.104672,1.78135,0
5,22,7,11.5649,0.312026,0.671616,8.38064,0.242932,0.0886548,1.78665,0
6,22,7,11.8336,0.202591,0.364815,6.66753,0.240706,0.135424,1.77743,0
7,22,7,11.8642,0.122837,0.0482539,4.9774,0.239184,0.135058,1.77097,0
8,22,7,11.8297,0.0869548,-0.139513,3.47344,0.238132,0.134722,1.76758,0
9,22,7,11.7838,0.0858057,-0.227242,2.17123,0.237954,0.134738,1.76605,0
10,22,7,11.6584,0.0601142,-0.252409,1.07288,0.238565,0.134927,1.76811,0
11,22,7,11.5508,0.0614637,-0.197807,0.246303,0.238139,0.134848,1.76598,0
12,22,7,11.4851,0.0533689,-0.142267,-1.09736,0.237676,0.134749,1.76385,0
13,22,7,11.4458,0.045815,-0.150502,-1.64062,0.238065,0.13474,1.76685,0
14,22,7,11.3956,0.0422853,-0.15419,-2.08927,0.237759,0.134728,1.76473,0
15,22,7,11.3557,0.0448982,-0.147576,-2.45311,0.23762,0.134727,1.76371,0
16,22,7,11.33,0.0278259,-0.176442,-2.77744,0.237854,0.134783,1.76472,0
17,22,7,11.2823,-0.01827,-0.268395,-3.05474,0.238228,0.13489,1.76608,0
18,22,7,11.1654,-0.070338,-0.364828,-3.19646,0.238695,0.135026,1.76777,0
19,22,7,10.9998,-0.109984,-0.424553,-3.14988,0.239038,0.135127,1.76899,0
20,22,7,10.8174,-0.114985,-0.416629,-2.89824,0.238963,0.135116,1.76858,0
21,22,7,10.6584,-0.0937191,-0.363996,-2.50135,0.238728,0.135042,1.76781,0
22,22,7,10.5505,-0.0707298,-0.308133,-2.0077,0.238315,0.134951,1.76593,0
23,22,7,10.4552,-0.0500037,-0.24855,-1.45907,0.237931,0.134865,1.76421,0
0,23,7,10.0005,0.057441,0.0960717,12.5401,0.238599,0.134762,1.77053,0
1,23,7,10.2799,0.433201,0.633248,12.2454,0.240203,0.106944,1.77569,0
2,23,7,10.5877,0.403996,0.615458,11.6547,0.240596,0.118379,1.77612,0
3,23,7,10.8907,0.360462,0.595472,10.7677,0.24062,0.124557,1.77581,0
4,23,7,11.1842,0.323888,0.581491,9.62369,0.241007,0.115245,1.77732,0
5,23,7,11.471,0.278819,0.495773,8.22836,0.24149,0.107357,1.77977,0
6,23,7,11.7023,0.189152,0.315484,6.64936,0.240842,0.133108,1.77732,0
7,23,7,11.7901,0.106766,0.117768,5.05872,0.239893,0.135261,1.77356,0
8,23,7,11.792,0.0584171,-0.0522146,3.57774,0.239144,0.134975,1.77176,0
9,23,7,11.7318,0.0348669,-0.157464,2.28487,0.238894,0.134973,1.76994,0
10,23,7,11.6262,0.0103282,-0.209128,1.20621,0.238483,0.13491,1.76772,0
11,23,7,11.539,0.0172482,-0.18081,0.348995,0.238012,0.134819,1.76542,0
12,23,7,11.4621,0.0276748,-0.150464,-1.01844,0.237576,0.134725,1.76342,0
13,23,7,11.4248,0.0251896,-0.160718,-1.57245,0.237999,0.134723,1.76658,0
14,23,7,11.3782,0.022677,-0.174051,-2.03263,0.23768,0.134709,1.76439,0
15,23,7,11.331,0.0217315,-0.183201,-2.40799,0.237571,0.134716,1.7635,0
16,23,7,11.284,0.00652005,-0.21078,-2.71548,0.237694,0.134744,1.76403,0
17,23,7,11.2197,-0.0314585,-0.263935,-2.94367,0.237799,0.134791,1.7642,0
18,23,7,11.11,-0.0722892,-0.317025,-3.04375,0.238005,0.134857,1.76487,0
19,23,7,10.9687,-0.1009,-0.349072,-2.9848,0.238174,0.134909,1.76544,0
20,23,7,10.8154,-0.104476,-0.343515,-2.76069,0.23819,0.13492,1.76542,0
21,23,7,10.6723,-0.0890411,-0.309916,-2.40872,0.238178,0.134905,1.76552,0
22,23,7,10.5668,-0.0709408,-0.269871,-1.95523,0.237964,0.134865,1.76446,0
23,23,7,10.4665,-0.053037,-0.221444,-1.43267,0.237725,0.134815,1.76334,0
0,0,8,10.0603,0.0406339,0.00972569,143.702,0.238333,0.134641,1.77014,0
1,0,8,9.71809,0.472819,0.0935808,143.622,0.248326,0.0280119,1.91963,0
2,0,8,10.524,-0.43638,0.0522176,143.041,0.249516,0.0156226,2.13544,0
3,0,8,17.3293,-1.99728,0.0489749,132.615,0.253361,0.00375833,2.94499,0
4,0,8,26.9399,0.899428,0.0405767,35.4214,0.242529,0.00426116,2.1541,0
5,0,8,26.3629,1.22552,0.0541173,-100.583,0.24581,0.0111627,2.18151,0
6,0,8,23.9655,-0.193208,0.125297,-119.203,0.241419,0.0137144,1.87378,0
7,0,8,23.2088,0.187517,0.125377,-113.335,0.242181,0.00713398,1.96935,0
8,0,8,11.5482,-0.766104,0.141585,-45.6662,0.243185,0.0219372,2.17074,0
9,0,8,8.0558,-0.709658,0.225848,-31.6275,0.240668,0.127076,1.89389,0
10,0,8,12.3267,-0.426766,0.164424,-20.7893,0.241252,0.117201,1.84324,0
11,0,8,12.3527,0.173847,0.178624,-12.8389,0.246488,0.0507023,1.80994,0
12,0,8,11.9946,0.725472,0.243524,-3.34887,0.253012,0.0430429,1.84539,0
13,0,8,11.4585,1.0395,0.173507,-0.939949,0.251978,0.0637136,1.83391,0
14,0,8,11.3313,0.850263,0.0984749,0.500598,0.246788,0.106651,1.80799,0
15,0,8,11.1718,0.72713,-0.00637087,1.66833,0.243327,0.120425,1.78968,0
16,0,8,10.4173,0.341077,-0.124025,2.21638,0.251912,0.0529032,1.82483,0
17,0,8,10.4965,0.276497,-0.23784,2.17443,0.244013,0.136196,1.79163,0
18,0,8,9.86624,0.0895177,-0.30653,1.98207,0.244521,0.0875942,1.79323,0
19,0,8,9.91448,0.0435224,-0.287688,1.64272,0.24201,0.13578,1.78237,0
20,0,8,9.88177,0.0227149,-0.248002,1.42811,0.240254,0.135377,1.7747,0
21,0,8,9.88199,0.00726314,-0.198245,1.26633,0.239099,0.135112,1.76963,0
22,0,8,9.91225,-0.00337476,-0.152972,1.09668,0.238356,0.134943,1.76635,0
23,0,8,9.96525,-0.0117418,-0.115939,0.882764,0.237888,0.134836,1.76428,0
0,1,8,10.1232,0.121315,0.0101644,142.584,0.238349,0.134552,1.77143,0
1,1,8,7.71348,2.40687,0.127889,143.466,0.259998,0.0140296,2.48627,0
2,1,8,7.24135,-0.91471,0.0627945,146.341,0.264539,0.0105472,2.79581,0
3,1,8,5.43865,-3.89043,0.062535,151.42,0.26039,0.00338679,3.31461,0
4,1,8,17.8338,-14.8432,0.0653772,74.7923,0.288414,0.000303425,64.0945,0
5,1,8,,,,,,,,1
6,1,8,24.8065,-2.14909,-0.0907929,-134.232,0.320308,0.00301102,63.97,0
7,1,8,11.8504,1.95108,0.1108,-86.3479,0.249932,0.0061988,3.91365,0
8,1,8,11.2239,0.699118,0.128552,-45.2657,0.247903,0.0130502,2.35506,0
9,1,8,10.4017,-0.150831,0.185315,-26.0554,0.251426,0.0222137,2.151,0
10,1,8,4.80667,1.02538,0.115602,-17.7259,0.283346,0.0133948,3.15035,0
11,1,8,6.58466,1.66058,0.13082,-11.4065,0.296983,0.0177819,3.25299,0
12,1,8,7.25155,1.57813,0.214552,-2.54059,0.281581,0.0206648,2.59114,0
13,1,8,7.42304,0.98031,0.126875,-0.362765,0.283114,0.0275879,2.42485,0
14,1,8,8.05829,0.779157,0.0398153,0.899037,0.281359,0.0379412,2.21468,0
15,1,8,8.5447,0.693032,-0.0632039,1.81068,0.273627,0.0498343,2.01785,0
16,1,8,8.59637,0.369702,-0.160143,2.09376,0.26324,0.0657897,1.91982,0
17,1,8,8.94207,0.239545,-0.240987,2.01677,0.255305,0.0767118,1.86055,0
18,1,8,9.15809,0.119018,-0.295187,1.84877,0.247536,0.0929129,1.80673,0
19,1,8,9.1908,-0.121499,-0.305513,1.58198,0.243466,0.136102,1.78885,0
20,1,8,9.2739,-0.145914,-0.253806,1.37619,0.240998,0.135551,1.77792,0
21,1,8,9.35967,-0.155455,-0.196405,1.22457,0.239698,0.135263,1.77209,0
22,1,8,9.46963,-0.160366,-0.147714,1.06704,0.239252,0.135169,1.77002,0
23,1,8,9.59503,-0.166827,-0.109958,0.869301,0.239022,0.135119,1.76898,0
0,2,8,9.99687,0.582558,0.0173277,138.127,0.239546,0.0532791,1.81664,0
1,2,8,6.54711,6.14431,0.146145,139.917,0.260381,0.00937432,2.72536,0
2,2,8,4.19308,1.88716,0.074301,145.956,0.278443,0.00832331,3.5382,0
3,2,8,0.212158,0.812339,0.161149,152.787,0.235833,0.0261451,9.02014,0
4,2,8,,,,,,,,1
5,2,8,,,,,,,,1
6,2,8,,,,,,,,1
7,2,8,1.50657,-5.27105,0.413052,-52.8554,0.327927,0.00123167,25.1288,0
8,2,8,2.64816,-0.377547,0.103518,-35.3555,0.271995,0.00861958,3.52451,0
9,2,8,-3.72952,-2.72487,0.152263,-25.2041,0.287693,0.014002,3.66841,0
10,2,8,1.67017,-2.86775,0.146921,-18.2947,0.366385,0.020532,4.61901,0
11,2,8,2.98799,-1.89627,0.172633,-12.2762,0.340782,0.0286339,3.42832,0
12,2,8,5.35403,-0.666402,0.194863,-3.92049,0.292153,0.0306513,2.33754,0
13,2,8,6.2884,-0.487198,0.10838,-1.70879,0.289711,0.0386172,2.20991,0
14,2,8,7.1471,-0.522834,0.0184125,-0.2789,0.285679,0.0451541,2.08861,0
15,2,8,7.82284,-0.52533,-0.0706451,0.719319,0.274722,0.0510439,1.9633,0
16,2,8,8.21714,-0.377839,-0.149158,1.16794,0.264471,0.0637939,1.89742,0
17,2,8,8.63483,-0.465541,-0.208424,1.29921,0.257044,0.0711583,1.85536,0
18,2,8,8.93148,-0.531252,-0.253954,1.30576,0.249768,0.0776435,1.81618,0
19,2,8,9.09534,-0.40257,-0.24927,1.16391,0.245211,0.1176,1.79637,0
20,2,8,9.21423,-0.407672,-0.214712,1.04704,0.242296,0.135847,1.78359,0
21,2,8,9.32043,-0.39638,-0.173638,0.956659,0.240689,0.135487,1.77647,0
22,2,8,9.43505,-0.384622,-0.135648,0.856275,0.239891,0.135309,1.7729,0
23,2,8,9.55875,-0.38087,-0.104557,0.71829,0.239341,0.135184,1.77049,0
0,3,8,9.96873,1.67545,0.0213375,126.653,0.249464,0.0205359,2.08851,0
1,3,8,6.84289,12.1428,0.184037,129.807,0.250463,0.0189518,2.25061,0
2,3,8,4.07562,6.38906,0.12969,137.865,0.262556,0.00806644,2.89696,0
3,3,8,-1.41493,6.62544,0.180998,147.857,0.262743,0.0134798,3.65232,0
4,3,8,,,,,,,,1
5,3,8,,,,,,,,1
6,3,8,,,,,,,,1
7,3,8,3.63407,2.66357,0.126417,-43.0146,0.258956,0.0011309,52.9742,0
8,3,8,-1.80272,-4.55639,0.115634,-34.123,0.265306,0.0144471,3.08966,0
9,3,8,6.17185,-5.63757,0.120066,-26.6032,0.255003,0.0188552,2.39423,0
10,3,8,4.8407,-3.61771,0.14597,-20.975,0.274736,0.0158302,2.82359,0
11,3,8,6.94334,-2.38543,0.164395,-15.7737,0.281194,0.0176342,2.80343,0
12,3,8,8.2024,-1.45436,0.130632,-7.61497,0.27154,0.028549,2.17133,0
13,3,8,8.63905,-1.27637,0.0716284,-4.97299,0.27285,0.0342574,2.09994,0
14,3,8,9.13664,-1.13686,0.0103244,-3.13953,0.272152,0.0416676,2.01533,0
15,3,8,9.46331,-1.04586,-0.0480555,-1.73958,0.266412,0.0507703,1.92355,0
16,3,8,9.48991,-0.920753,-0.107746,-0.796335,0.260544,0.0591195,1.87839,0
17,3,8,9.73515,-0.923563,-0.150276,-0.293096,0.254496,0.0700337,1.84353,0
18,3,8,9.85211,-0.930487,-0.179096,0.0791537,0.249627,0.0733375,1.81579,0
19,3,8,9.75335,-0.679637,-0.188502,0.266108,0.246961,0.0867371,1.80408,0
20,3,8,9.84018,-0.650562,-0.172184,0.303214,0.244343,0.105665,1.79269,0
21,3,8,9.8667,-0.615016,-0.146181,0.341108,0.24238,0.123431,1.78412,0
22,3,8,9.90399,-0.586005,-0.119298,0.358587,0.240991,0.135537,1.77804,0
23,3,8,9.95308,-0.571937,-0.095955,0.339376,0.239928,0.135292,1.77341,0
0,4,8,9.9891,2.51376,0.0363736,103.032,0.257732,0.0142713,2.3884,0
1,4,8,7.94305,9.24608,0.102143,111.384,0.252221,0.00751432,2.40011,0
2,4,8,7.71824,11.9405,0.114572,114.653,0.247167,0.0165397,2.20276,0
3,4,8,3.30431,10.5264,0.101781,127.049,0.248981,0.00333982,2.6986,0
4,4,8,,,,,,,,1
5,4,8,,,,,,,,1
6,4,8,,,,,,,,1
7,4,8,1.57063,-2.33913,-0.47567,-71.0852,0.306368,0.00295656,12.678,0
8,4,8,5.73541,-6.42032,0.0713957,-44.4334,0.249402,0.00961566,2.39116,0
9,4,8,10.5775,-3.90988,0.0746733,-28.5894,0.244239,0.0271411,1.96963,0
10,4,8,8.15068,-3.19077,0.0319145,-22.8147,0.261701,0.0168944,2.41061,0
11,4,8,9.46862,-2.06513,0.0562563,-18.1646,0.264261,0.0244673,2.2258,0
12,4,8,10.0532,-1.20868,0.0711042,-10.9863,0.253288,0.0478175,1.87034,0
13,4,8,10.2297,-1.19172,0.0361874,-8.22922,0.25372,0.0575737,1.85021,0
14,4,8,10.4144,-0.985762,0.00142621,-6.08325,0.250893,0.0687664,1.82867,0
15,4,8,10.5324,-0.836985,-0.0327752,-4.38142,0.246608,0.0879642,1.80437,0
16,4,8,10.4773,-0.886518,-0.0789318,-3.07317,0.244399,0.0992657,1.79384,0
17,4,8,10.563,-0.850791,-0.107635,-2.19285,0.242711,0.110553,1.78608,0
18,4,8,10.5608,-0.820576,-0.12641,-1.47496,0.241711,0.111287,1.7817,0
19,4,8,10.3537,-0.711368,-0.139857,-0.971165,0.241026,0.128419,1.77852,0
20,4,8,10.3973,-0.681165,-0.133726,-0.722568,0.240082,0.135307,1.77435,0
21,4,8,10.3603,-0.648548,-0.118683,-0.510307,0.239433,0.13516,1.77148,0
22,4,8,10.3317,-0.624124,-0.100442,-0.333146,0.23884,0.135024,1.76887,0
23,4,8,10.3129,-0.615984,-0.0845346,-0.194654,0.238308,0.1349,1.76655,0
0,5,8,10.0637,2.40623,0.0496112,77.5974,0.25822,0.0151865,2.37614,0
1,5,8,11.3944,13.3695,0.381892,75.2853,0.24751,0.0462252,2.06778,0
2,5,8,10.3835,9.52802,0.161645,77.1713,0.245864,0.0130101,2.06868,0
3,5,8,15.8324,11.2038,0.190886,60.6532,0.242212,0.0269377,2.03056,0
4,5,8,19.7919,1.52772,0.165769,-7.45503,0.244487,0.00454319,5.35326,0
5,5,8,17.5794,-0.753723,0.363403,-18.8556,0.245214,0.0214228,2.0174,0
6,5,8,18.1481,-0.792357,0.172699,-26.4695,0.242526,0.00807874,1.95809,0
7,5,8,18.3248,-1.62357,0.145374,-30.9781,0.243542,0.00817744,2.02025,0
8,5,8,13.1559,-4.16844,0.0646471,-29.6072,0.244719,0.0154539,2.05474,0
9,5,8,10.5394,-5.41502,-0.0772539,-26.4988,0.243994,0.0420977,1.97983,0
10,5,8,10.9622,-2.98954,-0.0907076,-21.5587,0.255056,0.0200486,2.12791,0
11,5,8,10.8942,-2.03548,-0.0783817,-17.8319,0.250855,0.038729,1.9763,0
12,5,8,10.8734,-0.934496,-0.025476,-12.2486,0.241555,0.116499,1.79152,0
13,5,8,10.8733,-1.07127,-0.0216562,-9.94061,0.240201,0.134953,1.77989,0
14,5,8,10.8227,-0.777417,-0.0329784,-7.80101,0.240235,0.131194,1.77729,0
15,5,8,10.8752,-0.600944,-0.0466921,-6.10493,0.238688,0.134915,1.76918,0
16,5,8,10.8882,-0.764115,-0.0799156,-4.73825,0.237984,0.13477,1.76586,0
17,5,8,10.8618,-0.686521,-0.0946214,-3.66072,0.237787,0.134739,1.7648,0
18,5,8,10.8217,-0.6283,-0.103587,-2.7648,0.237815,0.134727,1.76516,0
19,5,8,10.6401,-0.620644,-0.116332,-2.10122,0.237815,0.134749,1.76488,0
20,5,8,10.6334,-0.593419,-0.113526,-1.67242,0.237529,0.134692,1.7635,0
21,5,8,10.5675,-0.57349,-0.10431,-1.30033,0.23749,0.134692,1.76321,0
22,5,8,10.5075,-0.561108,-0.0918106,-0.973777,0.237436,0.134685,1.76291,0
23,5,8,10.4527,-0.561191,-0.0784584,-0.683705,0.237362,0.134671,1.76253,0
0,6,8,9.98608,1.81484,0.0615831,59.7154,0.257154,0.0199961,2.15074,0
1,6,8,12.1043,9.29715,0.470563,57.5899,0.255976,0.0105752,2.39922,0
2,6,8,14.7689,9.26643,0.499299,50.5057,0.244761,0.122077,2.00498,0
3,6,8,14.2862,6.40028,0.220448,42.1838,0.245199,0.0118826,2.0855,0
4,6,8,17.3823,3.4539,0.242129,18.3709,0.247751,0.0109353,2.18526,0
5,6,8,18.6649,-1.09849,0.4996,1.23645,0.241803,0.127375,1.89836,0
6,6,8,17.7302,-1.49989,0.211689,-14.947,0.244631,0.0154621,2.02688,0
7,6,8,17.4225,-3.08015,0.161526,-20.5645,0.245592,0.0128612,2.09315,0
8,6,8,14.5886,-5.60877,-0.0537451,-20.5492,0.244215,0.0302648,1.97776,0
9,6,8,13.1042,-3.77627,-0.154233,-19.7455,0.253435,0.0184991,2.13229,0
10,6,8,12.0111,-2.76979,-0.216074,-17.7584,0.249612,0.0338624,1.99231,0
11,6,8,11.4763,-1.99345,-0.208622,-15.627,0.244464,0.0526064,1.84396,0
12,6,8,11.0874,-1.02461,-0.134186,-11.8042,0.240545,0.124785,1.78223,0
13,6,8,10.9952,-0.852489,-0.09648,-10.1692,0.238845,0.134842,1.77129,0
14,6,8,10.96,-1.14768,-0.0931361,-8.50738,0.238203,0.134767,1.76753,0
15,6,8,10.8878,-0.888663,-0.0792852,-7.02471,0.237907,0.134713,1.76603,0
16,6,8,10.8942,-0.869207,-0.10902,-5.73626,0.237671,0.134686,1.76463,0
17,6,8,10.8338,-0.723028,-0.107997,-4.62871,0.237543,0.134675,1.76383,0
18,6,8,10.8001,-0.618125,-0.105156,-3.67556,0.237647,0.134683,1.76448,0
19,6,8,10.6047,-0.600135,-0.117738,-2.9376,0.237465,0.134662,1.76342,0
20,6,8,10.5892,-0.57705,-0.113541,-2.38795,0.237364,0.134651,1.7628,0
21,6,8,10.5311,-0.557368,-0.106737,-1.89359,0.237332,0.134653,1.76254,0
22,6,8,10.4759,-0.543668,-0.0971509,-1.4491,0.23729,0.13465,1.76228,0
23,6,8,10.4201,-0.539262,-0.0859572,-1.04076,0.237287,0.134653,1.76221,0
0,7,8,10.0302,1.36373,0.0907261,47.3582,0.249611,0.025744,1.99096,0
1,7,8,11.7223,6.86712,0.569625,45.5875,0.256958,0.0155037,2.31972,0
2,7,8,14.0741,6.42975,0.59034,40.157,0.255931,0.0147271,2.32213,0
3,7,8,16.1536,4.77361,0.620826,30.1297,0.251269,0.0224853,2.14183,0
4,7,8,17.0045,1.95588,0.617511,18.7914,0.247497,0.0284567,2.02427,0
5,7,8,16.8653,0.112651,0.557727,8.43766,0.249826,0.0217052,2.06265,0
6,7,8,16.8678,-1.12518,0.376087,0.924704,0.244922,0.0461543,1.94066,0
7,7,8,16.5366,-2.51082,0.153126,-6.03869,0.243361,0.0438832,1.89222,0
8,7,8,15.2581,-3.10977,-0.0477941,-11.4762,0.250166,0.021324,2.00802,0
9,7,8,13.6349,-2.88355,-0.198039,-13.4317,0.250276,0.0299497,1.97866,0
10,7,8,12.556,-2.36672,-0.301471,-13.5944,0.248009,0.0410663,1.9059,0
11,7,8,11.8634,-1.86525,-0.31773,-12.8981,0.244383,0.0577086,1.8279,0
12,7,8,11.2081,-1.1491,-0.234068,-10.6703,0.240829,0.123958,1.78201,0
13,7,8,11.0746,-0.941827,-0.175066,-9.54729,0.239454,0.135005,1.77366,0
14,7,8,10.975,-0.846641,-0.125172,-8.45544,0.238966,0.134955,1.7707,0
15,7,8,10.8307,-0.65942,-0.0899477,-7.30862,0.238144,0.134766,1.76709,0
16,7,8,10.8154,-0.892004,-0.103455,-6.22959,0.237768,0.134708,1.76506,0
17,7,8,10.7372,-0.72179,-0.0932617,-5.20104,0.237664,0.134706,1.76432,0
18,7,8,10.6999,-0.597401,-0.087539,-4.28372,0.23763,0.134683,1.76437,0
19,7,8,10.6555,-0.58854,-0.104433,-3.50315,0.237483,0.134668,1.76347,0
20,7,8,10.6194,-0.569175,-0.101084,-2.84747,0.237402,0.134661,1.76296,0
21,7,8,10.5674,-0.548244,-0.0956401,-2.26657,0.237359,0.134659,1.76267,0
22,7,8,10.5102,-0.529447,-0.0878621,-1.74049,0.237336,0.13466,1.76248,0
23,7,8,10.451,-0.514605,-0.0785198,-1.25156,0.237326,0.134662,1.76238,0
0,8,8,10.0483,0.981691,0.112802,39.0645,0.244568,0.0347681,1.88686,0
1,8,8,11.3661,5.00429,0.677079,37.6423,0.255438,0.0210802,2.11187,0
2,8,8,13.0704,4.57658,0.701662,33.6898,0.258046,0.0206558,2.17345,0
3,8,8,14.5674,3.39082,0.726952,27.078,0.257963,0.0211963,2.15494,0
4,8,8,15.4214,1.99917,0.713767,19.1703,0.254546,0.0255424,2.07935,0
5,8,8,15.7273,0.725347,0.65465,11.4191,0.250937,0.031713,2.00507,0
6,8,8,15.8368,-0.156858,0.46245,4.74826,0.24922,0.0340201,1.96255,0
7,8,8,15.4987,-1.06316,0.191079,-1.19057,0.250213,0.0299612,1.96084,0
8,8,8,14.7647,-1.88858,-0.0231271,-5.95288,0.249734,0.0337616,1.93739,0
9,8,8,13.7826,-2.04071,-0.206448,-8.80569,0.248686,0.0405552,1.90337,0
10,8,8,12.8837,-1.85948,-0.351468,-10.1247,0.24744,0.0486677,1.86956,0
11,8,8,12.1862,-1.59491,-0.392841,-10.3996,0.245662,0.0626598,1.83595,0
12,8,8,11.7023,-1.34158,-0.353249,-10.0712,0.242718,0.0849146,1.79528,0
13,8,8,11.1804,-0.972239,-0.222738,-8.66662,0.240029,0.135148,1.77605,0
14,8,8,11.0387,-0.865471,-0.15412,-7.86786,0.239145,0.134997,1.77148,0
15,8,8,10.9104,-0.736451,-0.107637,-7.01438,0.238377,0.13482,1.76811,0
16,8,8,10.8634,-0.737251,-0.0913779,-6.1897,0.238047,0.134775,1.76625,0
17,8,8,10.753,-0.618062,-0.0746248,-5.3098,0.237868,0.134755,1.76518,0
18,8,8,10.6913,-0.53084,-0.0698823,-4.48477,0.237696,0.1347,1.76463,0
19,8,8,10.6687,-0.540359,-0.0940964,-3.71479,0.23753,0.134679,1.76367,0
20,8,8,10.6218,-0.512975,-0.0918167,-3.02393,0.237421,0.134665,1.76304,0
21,8,8,10.5752,-0.491343,-0.0853663,-2.40725,0.237357,0.134658,1.76267,0
22,8,8,10.5224,-0.473334,-0.0770276,-1.8432,0.237314,0.134654,1.7624,0
23,8,8,10.4654,-0.454948,-0.0696312,-1.31618,0.237304,0.134658,1.76227,0
0,9,8,10.0425,0.697638,0.12942,33.3195,0.242006,0.0481363,1.82991,0
1,9,8,11.0845,3.71527,0.789748,32.2066,0.251885,0.0277814,1.96793,0
2,9,8,12.3778,3.41164,0.814553,29.2799,0.254159,0.0286502,2.00531,0
3,9,8,13.549,2.70599,0.832614,24.561,0.253778,0.0302797,1.99669,0
4,9,8,14.3653,1.80672,0.817499,18.7334,0.251822,0.0340883,1.96142,0
5,9,8,14.826,0.926128,0.736601,12.642,0.249596,0.039119,1.92251,0
6,9,8,15.04,0.169428,0.537313,6.93152,0.248022,0.0437137,1.89275,0
7,9,8,14.826,-0.511581,0.261021,1.77882,0.247254,0.0449595,1.87353,0
8,9,8,14.388,-1.0904,0.00711233,-2.52742,0.247137,0.0459557,1.86278,0
9,9,8,13.6973,-1.35696,-0.200203,-5.5845,0.246817,0.0507184,1.85002,0
10,9,8,12.9865,-1.37989,-0.355131,-7.42767,0.245613,0.0582077,1.82802,0
11,9,8,12.3559,-1.2937,-0.401823,-8.2856,0.243715,0.0707998,1.80305,0
12,9,8,11.87,-1.16322,-0.365476,-8.4567,0.242572,0.092092,1.79053,0
13,9,8,11.2963,-0.910601,-0.23271,-7.7567,0.240087,0.135191,1.77591,0
14,9,8,11.1431,-0.805206,-0.158836,-7.18247,0.239223,0.135022,1.77173,0
15,9,8,11.003,-0.733327,-0.114592,-6.53644,0.238414,0.134828,1.76828,0
16,9,8,10.943,-0.75797,-0.0904328,-5.86855,0.237961,0.134756,1.76586,0
17,9,8,10.8292,-0.655641,-0.0693651,-5.1384,0.237838,0.13475,1.76503,0
18,9,8,10.7485,-0.573533,-0.0591109,-4.43542,0.237683,0.134698,1.76457,0
19,9,8,10.7595,-0.652924,-0.0924119,-3.73234,0.237496,0.134669,1.76355,0
20,9,8,10.6831,-0.594504,-0.0867327,-3.05005,0.23746,0.134673,1.76324,0
21,9,8,10.6261,-0.550918,-0.0759625,-2.42824,0.237398,0.134666,1.76286,0
22,9,8,10.569,-0.515369,-0.0658267,-1.85456,0.237359,0.134663,1.76261,0
23,9,8,10.5114,-0.481899,-0.0578237,-1.31605,0.237322,0.134662,1.76236,0
0,10,8,10.0278,0.498117,0.14255,29.189,0.240682,0.0660644,1.80125,0
1,10,8,10.8634,2.81361,0.907393,28.3111,0.248597,0.0347938,1.88851,0
2,10,8,11.9181,2.61384,0.930812,26.0687,0.250561,0.0368429,1.91019,0
3,10,8,12.8927,2.19192,0.927269,22.4577,0.250439,0.0392821,1.90471,0
4,10,8,13.6367,1.63041,0.876953,17.8914,0.249295,0.0434966,1.88609,0
5,10,8,14.1225,1.02857,0.762454,12.9105,0.248192,0.0474855,1.86772,0
6,10,8,14.3829,0.451198,0.554665,8.00607,0.247295,0.0517064,1.85259,0
7,10,8,14.3041,-0.082128,0.29131,3.49572,0.246465,0.0556414,1.84015,0
8,10,8,14.0166,-0.549476,0.0244864,-0.385729,0.246224,0.0568614,1.83302,0
9,10,8,13.5127,-0.846128,-0.191924,-3.36318,0.245917,0.0608719,1.82531,0
10,10,8,12.9371,-0.987207,-0.336081,-5.37729,0.244966,0.068306,1.81183,0
11,10,8,12.3958,-1.0216,-0.375714,-6.52735,0.243191,0.0815007,1.79455,0
12,10,8,11.9551,-0.982806,-0.339355,-7.01705,0.242058,0.103053,1.78571,0
13,10,8,11.3931,-0.827777,-0.217604,-6.86315,0.239856,0.135155,1.77468,0
14,10,8,11.2266,-0.731814,-0.153903,-6.49358,0.238987,0.13491,1.77146,0
15,10,8,11.1025,-0.701784,-0.114407,-6.00967,0.238497,0.134853,1.76858,0
16,10,8,10.9698,-0.639523,-0.0833171,-5.47194,0.238242,0.134827,1.76702,0
17,10,8,10.8625,-0.568981,-0.0631642,-4.87533,0.238007,0.134786,1.76582,0
18,10,8,10.7764,-0.513566,-0.050839,-4.26948,0.237723,0.134717,1.7646,0
19,10,8,10.7576,-0.583308,-0.0633827,-3.65447,0.237566,0.134691,1.76378,0
20,10,8,10.6647,-0.527657,-0.0525294,-3.01034,0.237527,0.134692,1.76348,0
21,10,8,10.6034,-0.488395,-0.039618,-2.40299,0.237439,0.134679,1.763,0
22,10,8,10.5498,-0.459308,-0.0290865,-1.83266,0.237378,0.134671,1.76265,0
23,10,8,10.5015,-0.428911,-0.0218583,-1.29642,0.237333,0.134668,1.76236,0
0,11,8,10.0115,0.360471,0.151612,26.1122,0.239915,0.0875311,1.78732,0
1,11,8,10.72,2.20331,1.02995,25.4008,0.246845,0.0408194,1.85025,0
2,11,8,11.6237,2.08913,1.04153,23.5875,0.248456,0.0441087,1.86403,0
3,11,8,12.4729,1.84874,0.98914,20.626,0.248477,0.047623,1.85959,0
4,11,8,13.1375,1.50343,0.873367,16.8248,0.247694,0.0528409,1.8473,0
5,11,8,13.5929,1.08877,0.71069,12.6023,0.247001,0.0570942,1.83601,0
6,11,8,13.8507,0.655196,0.495411,8.34682,0.246418,0.0610028,1.82714,0
7,11,8,13.8774,0.228087,0.237697,4.37266,0.245471,0.0659605,1.81626,0
8,11,8,13.6594,-0.162799,-0.0191334,0.904886,0.245416,0.0663859,1.81366,0
9,11,8,13.2596,-0.463452,-0.206865,-1.8574,0.245147,0.0709478,1.80914,0
10,11,8,12.7947,-0.675775,-0.310496,-3.83346,0.244572,0.0807324,1.8022,0
11,11,8,12.3529,-0.784326,-0.326384,-5.08411,0.243292,0.0973197,1.79224,0
12,11,8,11.9823,-0.808247,-0.289015,-5.76255,0.241196,0.120611,1.78105,0
13,11,8,11.4707,-0.722792,-0.184471,-6.02505,0.239487,0.135071,1.77305,0
14,11,8,11.3047,-0.652568,-0.13909,-5.8343,0.238881,0.134886,1.77098,0
15,11,8,11.1661,-0.607259,-0.117022,-5.50249,0.238486,0.134851,1.76852,0
16,11,8,11.0316,-0.554078,-0.0931855,-5.07842,0.238246,0.134824,1.76709,0
17,11,8,10.9258,-0.498835,-0.0729574,-4.58004,0.23796,0.134758,1.76583,0
18,11,8,10.8746,-0.502903,-0.0635212,-4.06261,0.238051,0.134711,1.76713,0
19,11,8,10.8085,-0.539904,-0.0694498,-3.50649,0.237795,0.134706,1.76529,0
20,11,8,10.6994,-0.490635,-0.0500757,-2.90617,0.237664,0.134707,1.76431,0
21,11,8,10.6247,-0.454674,-0.0285326,-2.32303,0.237533,0.134693,1.76351,0
22,11,8,10.5654,-0.428463,-0.00997652,-1.76672,0.237434,0.134682,1.76292,0
23,11,8,10.5194,-0.400996,0.002775,-1.24412,0.237377,0.134678,1.76255,0
0,12,8,9.99637,0.275757,0.151701,23.6906,0.239515,0.108797,1.7809,0
1,12,8,10.6317,1.81222,1.1304,23.0863,0.246417,0.0443893,1.83546,0
2,12,8,11.4528,1.75986,1.12566,21.522,0.248115,0.0473324,1.84866,0
3,12,8,12.2167,1.65021,1.00528,18.9269,0.248197,0.0516713,1.84417,0
4,12,8,12.7942,1.42666,0.802841,15.6105,0.247108,0.0599137,1.83137,0
5,12,8,13.1984,1.11815,0.597225,11.9375,0.246396,0.064918,1.82118,0
6,12,8,13.4403,0.768955,0.371942,8.21653,0.24597,0.0686709,1.81425,0
7,12,8,13.5102,0.406608,0.10965,4.70639,0.245599,0.0736056,1.80826,0
8,12,8,13.3172,0.0891404,-0.128281,1.62273,0.245492,0.0732781,1.80576,0
9,12,8,12.9826,-0.214569,-0.282905,-0.858235,0.244875,0.0802724,1.80073,0
10,12,8,12.6089,-0.454188,-0.305562,-2.67257,0.243647,0.0977885,1.79288,0
11,12,8,12.2697,-0.596373,-0.282058,-3.91258,0.241598,0.122238,1.7826,0
12,12,8,11.9775,-0.651737,-0.23729,-4.68807,0.240096,0.135165,1.77632,0
13,12,8,11.6019,-0.52037,-0.126132,-4.57984,0.238845,0.134924,1.77021,0
14,12,8,11.3894,-0.578968,-0.129526,-5.23768,0.238698,0.134851,1.77009,0
15,12,8,11.2756,-0.554795,-0.117162,-5.05257,0.2384,0.134836,1.76808,0
16,12,8,11.1342,-0.49389,-0.0917431,-4.75594,0.23823,0.134791,1.7674,0
17,12,8,11.0669,-0.550754,-0.124728,-4.36173,0.237892,0.134744,1.76551,0
18,12,8,10.9359,-0.494534,-0.0961234,-3.90665,0.237993,0.134746,1.76624,0
19,12,8,10.8588,-0.497297,-0.0785267,-3.38465,0.23783,0.134738,1.76512,0
20,12,8,10.7404,-0.450103,-0.0535884,-2.81411,0.237759,0.134741,1.76456,0
21,12,8,10.6534,-0.415942,-0.0197121,-2.2473,0.237648,0.134727,1.76392,0
22,12,8,10.5893,-0.391694,0.0137057,-1.69995,0.237548,0.134713,1.76336,0
23,12,8,10.5471,-0.367551,0.0361463,-1.18936,0.237498,0.134711,1.76301,0
0,13,8,9.98534,0.229904,0.14026,21.6463,0.239291,0.127073,1.77783,0
1,13,8,10.5833,1.55608,1.17055,21.1242,0.245908,0.0474765,1.82615,0
2,13,8,11.3731,1.53308,1.15033,19.6825,0.247969,0.0481624,1.83965,0
3,13,8,12.0829,1.47909,0.958732,17.2638,0.245336,0.0738124,1.81853,0
4,13,8,12.5378,1.30644,0.612192,14.3082,0.243732,0.0882921,1.80419,0
5,13,8,12.8703,1.05659,0.38376,11.0884,0.243125,0.0921773,1.79653,0
6,13,8,13.0814,0.766414,0.162579,7.85559,0.2428,0.097709,1.79142,0
7,13,8,13.1491,0.459707,-0.0628878,4.76933,0.242446,0.103354,1.78766,0
8,13,8,13.0172,0.169098,-0.294056,2.00482,0.244679,0.0724559,1.79585,0
9,13,8,12.488,-0.0919787,-0.342142,0.448021,0.242379,0.108536,1.78522,0
10,13,8,12.2657,-0.263412,-0.263829,-1.01056,0.240275,0.13521,1.77705,0
11,13,8,12.0822,-0.378698,-0.195227,-2.13701,0.23943,0.135011,1.77341,0
12,13,8,11.9674,-0.528145,-0.196553,-3.77413,0.239416,0.135009,1.77334,0
13,13,8,11.6161,-0.441127,-0.102997,-3.95649,0.238492,0.134867,1.76836,0
14,13,8,11.4825,-0.407696,-0.10918,-4.18145,0.238608,0.134828,1.76972,0
15,13,8,11.3537,-0.374097,-0.122405,-4.23694,0.238381,0.13483,1.76801,0
16,13,8,11.2116,-0.326061,-0.103562,-4.12809,0.238183,0.134785,1.76714,0
17,13,8,11.05,-0.369348,-0.07804,-4.14338,0.238062,0.134802,1.76602,0
18,13,8,10.9662,-0.299615,-0.0870434,-3.55113,0.238098,0.134775,1.76663,0
19,13,8,10.8675,-0.307267,-0.0852055,-3.1274,0.237965,0.134776,1.76564,0
20,13,8,10.7367,-0.262416,-0.0432645,-2.62359,0.237898,0.134779,1.76511,0
21,13,8,10.6357,-0.231183,0.0123354,-2.09046,0.237794,0.134767,1.76448,0
22,13,8,10.5745,-0.210686,0.0760839,-1.557,0.237726,0.134763,1.76403,0
23,13,8,10.5483,-0.191358,0.112659,-1.06874,0.237712,0.13477,1.76384,0
0,14,8,9.98908,0.181612,0.117553,18.3248,0.23896,0.134634,1.77488,0
1,14,8,10.506,1.16707,1.01886,17.8771,0.244206,0.0567235,1.80868,0
2,14,8,11.1771,1.14285,0.909481,16.6392,0.246557,0.0563887,1.82319,0
3,14,8,11.7538,1.03484,0.630205,14.6443,0.24653,0.0644634,1.81829,0
4,14,8,12.1274,0.903972,0.371752,12.2344,0.244605,0.0883404,1.80302,0
5,14,8,12.3766,0.746011,0.17519,9.67551,0.243069,0.106537,1.79201,0
6,14,8,12.522,0.556021,0.0207708,7.16867,0.242037,0.115172,1.78546,0
7,14,8,12.5427,0.338704,-0.110308,4.81259,0.241782,0.109279,1.7833,0
8,14,8,12.4565,0.090012,-0.220702,2.71321,0.241687,0.108871,1.78241,0
9,14,8,12.2815,-0.0949889,-0.248293,0.993728,0.240594,0.132075,1.77836,0
10,14,8,12.1044,-0.227851,-0.18581,-0.361645,0.239726,0.135086,1.77462,0
11,14,8,11.9637,-0.317219,-0.125916,-1.4405,0.239068,0.134982,1.77112,0
12,14,8,11.838,-0.364354,-0.092981,-2.2971,0.238641,0.134878,1.7693,0
13,14,8,11.6002,-0.368623,-0.0888757,-3.41828,0.238234,0.134787,1.76748,0
14,14,8,11.4867,-0.349795,-0.106573,-3.7333,0.238362,0.134772,1.76863,0
15,14,8,11.3779,-0.328384,-0.129024,-3.89776,0.238244,0.134747,1.76809,0
16,14,8,11.2945,-0.335979,-0.175276,-3.90314,0.238206,0.134737,1.76793,0
17,14,8,11.2429,-0.318625,-0.165882,-3.72737,0.237885,0.134719,1.76578,0
18,14,8,11.0821,-0.265991,-0.14678,-3.41954,0.237993,0.13478,1.76579,0
19,14,8,10.936,-0.217447,-0.111431,-3.0391,0.238027,0.134807,1.76569,0
20,14,8,10.793,-0.167555,-0.0642148,-2.57946,0.238107,0.134827,1.76601,0
21,14,8,10.6708,-0.145784,-0.00327535,-2.07149,0.237998,0.134815,1.76537,0
22,14,8,10.5962,-0.11354,0.0651251,-1.55033,0.237913,0.134807,1.76484,0
23,14,8,10.562,-0.0962537,0.102638,-1.06774,0.237821,0.134796,1.7643,0
0,15,8,10.0,0.157644,0.116671,17.0446,0.238824,0.134626,1.77398,0
1,15,8,10.4739,0.967165,0.931475,16.6148,0.24329,0.0617216,1.80154,0
2,15,8,11.0782,0.947458,0.817075,15.4825,0.245099,0.0647873,1.81079,0
3,15,8,11.5952,0.856292,0.598085,13.699,0.245045,0.0761445,1.80649,0
4,15,8,11.95,0.732894,0.374924,11.5359,0.243886,0.09641,1.79636,0
5,15,8,12.1804,0.591916,0.186182,9.23804,0.242351,0.11897,1.78725,0
6,15,8,12.3039,0.436195,0.0380394,6.98617,0.241184,0.135425,1.78094,0
7,15,8,12.3195,0.264669,-0.0713087,4.88918,0.240409,0.135293,1.77695,0
8,15,8,12.2509,0.0841019,-0.144355,3.02121,0.239994,0.135218,1.77487,0
9,15,8,12.1219,-0.0684964,-0.148222,1.45988,0.23948,0.135032,1.77351,0
10,15,8,11.9902,-0.175381,-0.101106,0.186462,0.238998,0.13497,1.77075,0
11,15,8,11.8855,-0.244323,-0.0608979,-0.865136,0.238527,0.134885,1.76838,0
12,15,8,11.7901,-0.284091,-0.0461756,-1.73512,0.238307,0.13483,1.76746,0
13,15,8,11.5878,-0.299267,-0.0761745,-2.95738,0.238153,0.134772,1.76708,0
14,15,8,11.4772,-0.291397,-0.100757,-3.32785,0.237964,0.134756,1.76588,0
15,15,8,11.3566,-0.276767,-0.118506,-3.55129,0.237925,0.134765,1.76548,0
16,15,8,11.2219,-0.248669,-0.124521,-3.62693,0.23801,0.134772,1.76602,0
17,15,8,11.0835,-0.200765,-0.12976,-3.54547,0.238002,0.134792,1.7657,0
18,15,8,10.9439,-0.143886,-0.124801,-3.31786,0.237927,0.13479,1.76518,0
19,15,8,10.8135,-0.097628,-0.10477,-2.98554,0.237888,0.134792,1.76485,0
20,15,8,10.6933,-0.0550498,-0.0680577,-2.56736,0.237819,0.134786,1.76442,0
21,15,8,10.5937,-0.0157176,-0.0161812,-2.09827,0.237897,0.134797,1.76485,0
22,15,8,10.535,0.00435705,0.0312486,-1.59839,0.237805,0.134786,1.76431,0
23,15,8,10.4979,0.0149613,0.0667421,-1.11304,0.237712,0.134774,1.76378,0
0,16,8,10.0092,0.135407,0.121313,16.0249,0.23875,0.134623,1.77348,0
1,16,8,10.4505,0.787098,0.881731,15.6071,0.242148,0.0680165,1.79456,0
2,16,8,11.0021,0.774957,0.764766,14.5563,0.24371,0.0720037,1.80137,0
3,16,8,11.4703,0.704911,0.574084,12.9451,0.243738,0.084484,1.79761,0
4,16,8,11.8049,0.598663,0.377159,10.9949,0.24276,0.105919,1.78982,0
5,16,8,12.0216,0.478665,0.204176,8.9169,0.241439,0.134291,1.78243,0
6,16,8,12.1351,0.351449,0.0668606,6.87481,0.24028,0.135249,1.77658,0
7,16,8,12.1507,0.222531,-0.028881,4.96934,0.239505,0.135099,1.77281,0
8,16,8,12.0948,0.0915427,-0.0809607,3.27184,0.23901,0.134994,1.77052,0
9,16,8,11.9988,-0.0229167,-0.0757999,1.83105,0.238652,0.134926,1.76876,0
10,16,8,11.9007,-0.106899,-0.0376389,0.622424,0.238358,0.134866,1.76737,0
11,16,8,11.8235,-0.164429,-0.012068,-0.404357,0.238096,0.13481,1.76616,0
12,16,8,11.7465,-0.198525,-0.0115331,-1.27959,0.238023,0.134781,1.766,0
13,16,8,11.5747,-0.232996,-0.0639842,-2.5667,0.238069,0.134756,1.76667,0
14,16,8,11.4735,-0.234556,-0.0943212,-2.97945,0.23792,0.134749,1.76565,0
15,16,8,11.3635,-0.225667,-0.118758,-3.24931,0.237852,0.13475,1.76514,0
16,16,8,11.2429,-0.201743,-0.13757,-3.38245,0.238002,0.134774,1.76593,0
17,16,8,11.1151,-0.157387,-0.154142,-3.37225,0.237969,0.134787,1.76552,0
18,16,8,10.9801,-0.101235,-0.162567,-3.22328,0.238002,0.13481,1.76546,0
19,16,8,10.8442,-0.0464734,-0.154854,-2.95087,0.238006,0.134823,1.76533,0
20,16,8,10.7172,-0.000625871,-0.126963,-2.57655,0.237955,0.134819,1.765,0
21,16,8,10.6073,0.0355828,-0.0826062,-2.13577,0.237939,0.134811,1.76498,0
22,16,8,10.5339,0.0581115,-0.0367322,-1.65323,0.237775,0.134779,1.76418,0
23,16,8,10.4837,0.0664156,-0.002764,-1.16609,0.237603,0.134747,1.76333,0
0,17,8,10.0155,0.117928,0.12967,15.2228,0.238702,0.134616,1.77321,0
1,17,8,10.4313,0.641543,0.866457,14.8045,0.241668,0.0724783,1.79169,0
2,17,8,10.9388,0.631981,0.745899,13.8224,0.242972,0.0775391,1.79691,0
3,17,8,11.3672,0.578262,0.567721,12.3458,0.243018,0.091702,1.79319,0
4,17,8,11.6817,0.489905,0.384078,10.5768,0.242068,0.114633,1.78615,0
5,17,8,11.892,0.394215,0.22507,8.67929,0.240852,0.135347,1.77952,0
6,17,8,12.0056,0.29485,0.0948301,6.80088,0.239746,0.13514,1.77407,0
7,17,8,12.0232,0.199087,0.00399445,5.03716,0.238957,0.13498,1.77031,0
8,17,8,11.9793,0.109257,-0.0420924,3.45808,0.238455,0.134875,1.76797,0
9,17,8,11.9041,0.0266865,-0.0356838,2.102,0.238164,0.134818,1.76655,0
10,17,8,11.822,-0.0364161,-0.00252114,0.943778,0.237971,0.13478,1.76563,0
11,17,8,11.7666,-0.0821072,0.0146593,-0.0551921,0.237834,0.134753,1.76496,0
12,17,8,11.7031,-0.120174,0.00691959,-0.921772,0.237852,0.134746,1.76518,0
13,17,8,11.5535,-0.169182,-0.0493809,-2.23556,0.237968,0.134737,1.76617,0
14,17,8,11.4652,-0.181352,-0.07395,-2.67254,0.237788,0.134722,1.76502,0
15,17,8,11.3727,-0.181961,-0.0991047,-2.98412,0.237951,0.134736,1.76605,0
16,17,8,11.2765,-0.16116,-0.130747,-3.17647,0.238249,0.134754,1.76803,0
17,17,8,11.1726,-0.118955,-0.170897,-3.24422,0.238121,0.134785,1.76668,0
18,17,8,11.0427,-0.0648461,-0.203049,-3.17077,0.238125,0.13482,1.76624,0
19,17,8,10.9021,-0.00975976,-0.215423,-2.96239,0.238231,0.134866,1.76643,0
20,17,8,10.7636,0.0331834,-0.200611,-2.63007,0.238211,0.134873,1.76619,0
21,17,8,10.6402,0.0620931,-0.161697,-2.21419,0.238216,0.134872,1.76624,0
22,17,8,10.5604,0.0739808,-0.121051,-1.73909,0.237964,0.13482,1.76505,0
23,17,8,10.4962,0.0781732,-0.0818175,-1.23849,0.237732,0.134772,1.76396,0
0,18,8,10.0194,0.109532,0.135194,14.586,0.238655,0.134603,1.77303,0
1,18,8,10.4127,0.552987,0.858696,14.171,0.241032,0.0763371,1.78843,0
2,18,8,10.8793,0.54226,0.73952,13.2525,0.242173,0.0817563,1.79278,0
3,18,8,11.2752,0.493164,0.570338,11.8907,0.24221,0.0977426,1.78912,0
4,18,8,11.5735,0.41408,0.402576,10.2692,0.241265,0.120519,1.78241,0
5,18,8,11.7855,0.327221,0.257926,8.51354,0.240341,0.135239,1.77715,0
6,18,8,11.9084,0.248619,0.12597,6.7548,0.239409,0.135069,1.77249,0
7,18,8,11.932,0.181687,0.0288315,5.08685,0.23857,0.134892,1.7686,0
8,18,8,11.8975,0.12514,-0.0220294,3.58153,0.238371,0.134771,1.76871,0
9,18,8,11.8356,0.0740942,-0.0247267,2.281,0.237957,0.13473,1.76617,0
10,18,8,11.7612,0.030224,0.000612899,1.16316,0.237811,0.134724,1.76518,0
11,18,8,11.7092,-0.00772474,0.0148712,0.187371,0.237732,0.13472,1.76464,0
12,18,8,11.6597,-0.0426477,0.00635848,-0.658287,0.237687,0.134717,1.76434,0
13,18,8,11.5246,-0.104592,-0.0382586,-1.9647,0.237708,0.134727,1.76437,0
14,18,8,11.4445,-0.123806,-0.0512929,-2.41098,0.237642,0.134714,1.76404,0
15,18,8,11.3709,-0.133808,-0.068663,-2.74608,0.237595,0.134706,1.7638,0
16,18,8,11.2941,-0.120011,-0.107018,-2.98921,0.237796,0.134725,1.76504,0
17,18,8,11.2043,-0.0833371,-0.166756,-3.12792,0.237864,0.134763,1.76505,0
18,18,8,11.0802,-0.0400551,-0.227578,-3.13019,0.238065,0.134828,1.76569,0
19,18,8,10.9376,0.0027778,-0.266617,-2.98317,0.23829,0.134891,1.76654,0
20,18,8,10.785,0.0381572,-0.262755,-2.68843,0.238361,0.134913,1.76678,0
21,18,8,10.6499,0.0586835,-0.225672,-2.28718,0.238294,0.13489,1.76658,0
22,18,8,10.5557,0.0706819,-0.175842,-1.81339,0.238032,0.134837,1.76533,0
23,18,8,10.4819,0.073371,-0.130817,-1.30308,0.237739,0.134773,1.76399,0
0,19,8,10.0209,0.101475,0.134516,14.0144,0.238668,0.134619,1.77291,0
1,19,8,10.3894,0.511341,0.835272,13.6119,0.24089,0.0807909,1.78672,0
2,19,8,10.8111,0.495209,0.727719,12.7658,0.241896,0.0868316,1.79023,0
3,19,8,11.179,0.438846,0.58016,11.5206,0.241958,0.103016,1.78706,0
4,19,8,11.467,0.363073,0.442263,10.0341,0.241187,0.122607,1.78163,0
5,19,8,11.6887,0.280534,0.312326,8.40245,0.240442,0.135281,1.77734,0
6,19,8,11.832,0.216966,0.170229,6.73032,0.239529,0.135108,1.77286,0
7,19,8,11.8663,0.16803,0.0538665,5.12392,0.238654,0.134919,1.76887,0
8,19,8,11.843,0.132632,-0.0153317,3.66146,0.238264,0.13475,1.7682,0
9,19,8,11.7917,0.103183,-0.0386408,2.38401,0.237937,0.13473,1.76603,0
10,19,8,11.7198,0.0801843,-0.0333037,1.28874,0.237766,0.134717,1.76493,0
11,19,8,11.6599,0.0485271,-0.0183052,0.34218,0.237686,0.134711,1.76441,0
12,19,8,11.6131,0.0150254,-0.01939,-0.482364,0.23763,0.134706,1.76407,0
13,19,8,11.4916,-0.0462209,-0.0442652,-1.75808,0.237615,0.134709,1.76392,0
14,19,8,11.4196,-0.0657652,-0.0473932,-2.20612,0.237539,0.134694,1.76356,0
15,19,8,11.3604,-0.0775269,-0.0520422,-2.55487,0.237471,0.13468,1.76322,0
16,19,8,11.3017,-0.0764983,-0.0889761,-2.83221,0.237718,0.134709,1.76467,0
17,19,8,11.2278,-0.0611336,-0.164349,-3.02398,0.237827,0.134756,1.76487,0
18,19,8,11.109,-0.0340483,-0.247834,-3.08522,0.238078,0.134833,1.76572,0
19,19,8,10.9651,-0.00585352,-0.301832,-2.98775,0.238404,0.134918,1.76703,0
20,19,8,10.8028,0.0166266,-0.312279,-2.72594,0.238557,0.13496,1.76761,0
21,19,8,10.6548,0.032005,-0.272417,-2.33842,0.238524,0.134944,1.76758,0
22,19,8,10.5503,0.0431731,-0.217994,-1.86359,0.238167,0.134868,1.76593,0
23,19,8,10.4694,0.046643,-0.168236,-1.34702,0.237838,0.134797,1.76442,0
0,20,8,10.0203,0.0939537,0.126025,13.4767,0.238618,0.134635,1.77233,0
1,20,8,10.3576,0.499915,0.778337,13.0987,0.240637,0.0845282,1.78388,0
2,20,8,10.7373,0.47382,0.691778,12.3343,0.241425,0.0931175,1.78607,0
3,20,8,11.0811,0.413974,0.580456,11.2128,0.241453,0.108413,1.78335,0
4,20,8,11.3631,0.341137,0.482559,9.8489,0.241062,0.122523,1.78027,0
5,20,8,11.5963,0.265059,0.377378,8.32765,0.240744,0.128066,1.7782,0
6,20,8,11.7686,0.204973,0.219332,6.71716,0.239864,0.135205,1.77407,0
7,20,8,11.8157,0.166285,0.0805833,5.15142,0.238914,0.134989,1.76988,0
8,20,8,11.7991,0.135385,-0.0109682,3.71069,0.238426,0.13479,1.76887,0
9,20,8,11.7569,0.114817,-0.0560684,2.4474,0.238026,0.134752,1.7664,0
10,20,8,11.6849,0.100639,-0.082374,1.35678,0.237853,0.134738,1.7653,0
11,20,8,11.6197,0.0751732,-0.0675051,0.433322,0.237714,0.134719,1.76452,0
12,20,8,11.5686,0.0469062,-0.0552477,-0.362533,0.237609,0.134701,1.76397,0
13,20,8,11.4633,-0.00215092,-0.0611835,-1.60774,0.237521,0.134691,1.76346,0
14,20,8,11.3975,-0.0181767,-0.0609179,-2.05883,0.23745,0.134676,1.76312,0
15,20,8,11.3456,-0.027488,-0.0578524,-2.41793,0.237428,0.134673,1.76299,0
16,20,8,11.2975,-0.0333494,-0.0915661,-2.71183,0.237645,0.134698,1.76428,0
17,20,8,11.2315,-0.0349572,-0.168302,-2.93153,0.237777,0.134747,1.76462,0
18,20,8,11.1203,-0.0323225,-0.257385,-3.02714,0.238073,0.134831,1.76572,0
19,20,8,10.9742,-0.0247267,-0.315392,-2.95965,0.238385,0.134913,1.76696,0
20,20,8,10.8108,-0.0161523,-0.326171,-2.72204,0.23852,0.134951,1.76746,0
21,20,8,10.6607,-0.00464049,-0.289407,-2.35104,0.23849,0.134935,1.76744,0
22,20,8,10.5483,0.00833154,-0.23636,-1.88614,0.238178,0.134871,1.76597,0
23,20,8,10.4627,0.0153114,-0.18676,-1.37175,0.237844,0.134799,1.76443,0
0,21,8,10.0162,0.0851223,0.104853,12.9108,0.238566,0.134668,1.77151,0
1,21,8,10.3171,0.487148,0.67153,12.573,0.240424,0.0949602,1.78015,0
2,21,8,10.6583,0.45823,0.617787,11.9006,0.241125,0.103315,1.78182,0
3,21,8,10.9806,0.399373,0.548812,10.9029,0.241122,0.11513,1.78039,0
4,21,8,11.2601,0.330865,0.48572,9.66478,0.240893,0.122732,1.77872,0
5,21,8,11.5054,0.263671,0.40232,8.24025,0.240929,0.122209,1.77853,0
6,21,8,11.6994,0.203494,0.236532,6.69052,0.240181,0.135299,1.77518,0
7,21,8,11.7641,0.156799,0.0718179,5.1532,0.239284,0.135087,1.77133,0
8,21,8,11.7545,0.125646,-0.0225398,3.74136,0.238455,0.1348,1.76895,0
9,21,8,11.7208,0.106025,-0.0710202,2.49087,0.238151,0.134785,1.7669,0
10,21,8,11.6495,0.0928167,-0.116748,1.40727,0.237942,0.134761,1.76566,0
11,21,8,11.5808,0.0752854,-0.101839,0.501175,0.237757,0.134729,1.7647,0
12,21,8,11.5305,0.056516,-0.0827259,-0.273216,0.237602,0.1347,1.76394,0
13,21,8,11.4396,0.0200059,-0.0801754,-1.50089,0.237484,0.134681,1.7633,0
14,21,8,11.3801,0.0113819,-0.0821539,-1.95678,0.237422,0.134669,1.763,0
15,21,8,11.3309,0.00456206,-0.0832516,-2.32452,0.237388,0.134664,1.76281,0
16,21,8,11.2829,-0.00460298,-0.112278,-2.62436,0.237605,0.134691,1.76408,0
17,21,8,11.2164,-0.0193141,-0.179967,-2.84683,0.237722,0.134735,1.76436,0
18,21,8,11.1112,-0.0353173,-0.253798,-2.94807,0.237966,0.134804,1.76527,0
19,21,8,10.9708,-0.0455523,-0.307092,-2.89502,0.238259,0.134881,1.76643,0
20,21,8,10.8145,-0.0453499,-0.311196,-2.67577,0.238335,0.134905,1.76669,0
21,21,8,10.6706,-0.0348625,-0.277202,-2.32604,0.23832,0.134893,1.76673,0
22,21,8,10.5585,-0.0215497,-0.232912,-1.87991,0.23807,0.134845,1.76551,0
23,21,8,10.4683,-0.01148,-0.186933,-1.37481,0.23779,0.134787,1.7642,0
0,22,8,10.0061,0.0661023,0.0767933,12.3836,0.238504,0.134704,1.77058,0
1,22,8,10.278,0.426987,0.552476,12.0912,0.23999,0.109366,1.77591,0
2,22,8,10.5911,0.404152,0.525925,11.5002,0.240529,0.116384,1.77717,0
3,22,8,10.8985,0.359408,0.48847,10.6045,0.240535,0.124708,1.77677,0
4,22,8,11.1725,0.307284,0.446583,9.46561,0.240495,0.129759,1.77641,0
5,22,8,11.4199,0.253187,0.37859,8.12969,0.240494,0.128768,1.77634,0
6,22,8,11.6208,0.189358,0.235356,6.65247,0.239882,0.135243,1.77371,0
7,22,8,11.7021,0.135243,0.0938827,5.17613,0.238949,0.135016,1.76979,0
8,22,8,11.7131,0.100253,-0.0133466,3.78438,0.238502,0.134812,1.76915,0
9,22,8,11.6857,0.0819127,-0.0785979,2.54593,0.238109,0.134774,1.76672,0
10,22,8,11.6194,0.0657215,-0.12625,1.46685,0.237931,0.134758,1.76562,0
11,22,8,11.5543,0.0560499,-0.119506,0.565572,0.23773,0.134723,1.76458,0
12,22,8,11.4624,0.037306,-0.0990794,-0.863735,0.237557,0.134689,1.76375,0
13,22,8,11.4191,0.0269079,-0.10163,-1.42629,0.238007,0.134696,1.76699,0
14,22,8,11.3676,0.0199574,-0.108274,-1.8883,0.237666,0.134673,1.76476,0
15,22,8,11.3168,0.0138859,-0.115217,-2.26206,0.237519,0.134669,1.76373,0
16,22,8,11.2628,0.00221878,-0.141038,-2.55913,0.237631,0.134696,1.76421,0
17,22,8,11.1942,-0.0183002,-0.191436,-2.76824,0.237667,0.134721,1.76414,0
18,22,8,11.091,-0.0418372,-0.242983,-2.85832,0.237852,0.134776,1.7648,0
19,22,8,10.961,-0.0586643,-0.276364,-2.80421,0.238023,0.134824,1.76544,0
20,22,8,10.8194,-0.0616155,-0.276972,-2.60139,0.238083,0.134844,1.76562,0
21,22,8,10.6844,-0.0519842,-0.251421,-2.27791,0.238116,0.134844,1.76586,0
22,22,8,10.5804,-0.0396556,-0.218024,-1.85473,0.237914,0.134807,1.76485,0
23,22,8,10.4861,-0.0276123,-0.178521,-1.36435,0.237723,0.13477,1.76391,0
0,23,8,9.99195,0.0415626,0.0504022,11.9622,0.238392,0.134704,1.76975,0
1,23,8,10.2489,0.329979,0.454826,11.7003,0.239537,0.123455,1.77299,0
2,23,8,10.5428,0.313599,0.443846,11.1727,0.239932,0.128849,1.77403,0
3,23,8,10.8407,0.284853,0.421844,10.3487,0.240018,0.134023,1.77418,0
4,23,8,11.1115,0.250583,0.388024,9.28141,0.239944,0.13527,1.77381,0
5,23,8,11.3511,0.210843,0.322202,8.01152,0.239785,0.135231,1.77315,0
6,23,8,11.5423,0.156834,0.21493,6.61445,0.239265,0.135107,1.77094,0
7,23,8,11.6379,0.108944,0.0991588,5.19384,0.238715,0.134969,1.76867,0
8,23,8,11.6695,0.0729719,-0.00172524,3.83887,0.238338,0.134775,1.76841,0
9,23,8,11.6506,0.0537926,-0.070139,2.6088,0.237995,0.13475,1.7662,0
10,23,8,11.5942,0.0383075,-0.108674,1.53894,0.237794,0.134728,1.76499,0
11,23,8,11.537,0.0326752,-0.111347,0.632596,0.237654,0.134707,1.76423,0
12,23,8,11.4881,0.029029,-0.105973,-0.140551,0.237534,0.134685,1.76363,0
13,23,8,11.4042,0.0201398,-0.109644,-1.36591,0.237989,0.134692,1.76691,0
14,23,8,11.3542,0.0146492,-0.119108,-1.83184,0.237666,0.134674,1.76476,0
15,23,8,11.3013,0.00907683,-0.130895,-2.208,0.237531,0.134672,1.76378,0
16,23,8,11.2405,-0.00212474,-0.152115,-2.49788,0.23762,0.134694,1.76415,0
17,23,8,11.1662,-0.0212614,-0.186514,-2.69022,0.23765,0.134717,1.76406,0
18,23,8,11.0663,-0.0418602,-0.219007,-2.76412,0.237712,0.134742,1.7642,0
19,23,8,10.9471,-0.0562988,-0.239095,-2.70821,0.237822,0.134776,1.76457,0
20,23,8,10.8186,-0.0596679,-0.238661,-2.51881,0.237854,0.13479,1.76463,0
21,23,8,10.6927,-0.0527579,-0.220393,-2.2185,0.237915,0.134798,1.76497,0
22,23,8,10.5915,-0.0426131,-0.195402,-1.81887,0.237793,0.134779,1.76431,0
23,23,8,10.4953,-0.031285,-0.162808,-1.34542,0.237637,0.134751,1.76353,0
